Year      Month     Day       NO2+NO3_mg/l        Kjeldahl N_mg/l     Q_Ml/d    
2005      1         6         0.14                0.65                26.04               
2005      2         17        0.13                0.93                10.89               
2005      3         21        0.07                0.66                6.17                
2005      4         26        0.04                0.61                3.57                
2005      5         24        0.03                0.53                4.15                
2005      6         21        0.05                0.55                9.63                
2005      7         25        0.05                0.49                7.94                
2005      8         22        0.02                0.59                8.86                
2005      9         13        0.01                0.57                11.8                
2005      10        19        0.63                0.44                6.38                
2005      11        22        0.04                0.6                 26.61               
2005      12        20        0.01                0.59                25.16               
2006      1         23        0.01                0.6                 32.07               
2006      2         21        0.01                0.49                34.53               
2006      3         22        0.01                0.44                29.49               
2006      4         27        0.02                0.51                1.37                
2006      5         23        0.01                0.49                3.48                
2006      6         19        0.02                0.48                3.15                
2006      7         26        0.01                0.35                7.8                 
2006      8         22        0.02                0.37                2.79                
2006      9         13        0.008               0.38                6.18                
2006      10        25        0.01                0.53                0.37                
2006      11        28        0.006               0.51                1.98                
2006      12        18        0.01                0.63                1.93                
2007      1         22        0.01                0.6                 4.17                
2007      2         21        0.05                0.68                2.0                 
2007      3         14        0.03                0.73                3.19                
2007      4         24        0.01                0.26                3.27                
2007      5         28        0.01                0.46                1.93                
2007      6         27        0.02                0.44                0.81                
2007      7         26        0.01                0.59                4.32                
2007      8         27        0.003               0.24                2.7                 
2007      9         25        0.01                0.44                1.66                
2007      10        22        0.007               0.51                1.1                 
2007      11        19        0.005               0.63                2.04                
2007      12        19        0.003               0.73                0.87                
2008      1         17        0.004               1.4                 0.03                
2008      2         18        0.008               1.6                 0.1                 
2008      3         13        0.02                2.0                 0.03                
2008      4         16        0.003               1.2                 0.69                
2008      5         14        0.004               0.77                0.29                
2008      6         18        0.01                1.8                 0.36                
2008      7         17        0.003               0.8                 1.79                
2008      8         13        0.98                1.0                 11.0                
2008      9         11        0.006               0.66                2.48                
2008      10        9         0.003               0.87                1.64                
2008      11        18        0.006               1.9                 0.78                
2008      12        11        0.01                0.67                16.6                
2009      1         13        0.27                0.97                0.5                 
2009      2         10        0.003               0.94                0.36                
2009      3         12        0.01                0.88                1.35                
2009      4         7         0.003               1.1                 0.28                
2009      5         12        0.005               0.63                0.18                
2009      6         17        0.003               0.63                0.19                
2009      7         14        0.015               0.58                0.33                
2009      8         19        0.002               0.37                1.41                
2009      9         24        0.081               0.28                5.92                
2009      10        19        0.009               0.36                2.57                
2009      11        16        0.002               0.39                0.37                
2009      12        10        0.002               0.62                2.43                
2010      1         19        0.012               0.56                17.31               
2010      2         11        0.054               0.94                0.46                
2010      3         11        0.006               0.72                0.56                
2010      4         14        0.042               0.47                1.38                
2010      5         13        0.032               0.72                0.39                
2010      6         8         0.002               0.24                0.43                
2010      7         12        0.007               0.58                5.45                
2010      8         11        0.005               0.59                11.6                
2010      9         15        0.1                 1.1                 51.59               
2010      10        13        0.021               0.48                13.61               
2010      11        15        0.091               1.2                 539.54              
2010      12        15        0.073               1.2                 15.83               
2011      1         13        0.17                2.0                 869.24              
2011      2         8         0.28                1.3                 137.31              
2011      3         15        0.2                 0.96                43.62               
2011      4         12        0.12                0.48                15.97               
2011      5         12        0.2                 0.78                22.69               
2011      6         9         0.2                 0.8                 24.87               
2011      7         26        0.29                1.1                 159.09              
2011      8         11        0.3                 0.87                140.64              
2011      9         14        0.24                0.81                88.27               
2011      10        11        0.2                 0.84                89.02               
2011      11        9         0.19                0.81                61.3                
2011      12        13        0.26                0.85                47.61               
2012      1         17        0.086               0.75                24.73               
2012      2         8         0.12                0.77                25.39               
2012      3         22        0.12                0.79                17.75               
2012      4         18        0.13                0.66                24.42               
2012      5         29        0.15                0.65                24.54               
2012      6         27        0.33                0.79                184.88              
2012      7         18        0.19                0.81                108.78              
2012      8         15        0.26                0.79                228.38              
2012      9         18        0.28                0.77                175.24              
2012      10        16        0.25                0.73                73.2                
2012      11        22        0.006               0.71                7.41                
2012      12        12        0.032               0.7                 7.74                
2013      1         15        0.092               0.72                14.87               
2013      2         14        0.11                0.69                17.2                
2013      3         18        0.19                0.64                44.86               
2013      4         17        0.12                0.61                17.63               
2013      5         8         0.17                0.59                32.74               
2013      6         13        0.077               0.19                12.88               
2013      7         29        0.14                0.65                20.25               
2013      8         20        0.12                0.59                27.44               
2013      9         10        0.085               0.57                23.65               
2013      10        21        0.057               0.61                22.61               
2013      11        12        0.046               0.56                18.08               
2013      12        17        0.016               0.64                16.16               
2014      1         16        0.028               0.68                32.22               
2014      2         18        0.076               0.58                30.91               
2014      3         18        0.1                 0.77                33.78               
2014      4         9         0.05                0.68                16.64               
2014      5         14        0.052               0.5                 9.35                
2014      6         12        0.069               0.54                26.07               
2014      7         15        0.06                0.47                13.39               
2014      8         19        0.038               0.49                9.73                
2014      9         11        0.004               0.46                8.31                
2014      10        16        0.008               0.51                8.17                
2014      12        11        0.003               0.6                 14.96               
2015      2         18        0.05                0.74                25.92               
2015      3         24        0.034               0.55                27.69               
2015      4         22        0.046               0.51                11.94               
2015      5         19        0.034               0.46                10.02               
2015      6         15        0.075               0.52                13.45               
2015      7         14        0.035               0.51                9.36                
2015      8         18        0.011               0.44                8.77                
2015      9         15        0.011               0.51                9.51                
2015      10        19        0.014               0.54                4.86                
2015      11        23        0.037               0.62                0.8                 
2015      12        8         0.01                0.85                0.07                
2016      1         12        0.006               0.58                29.13               
2016      2         11        0.007               2.3                 24.59               
2016      3         16        0.028               0.55                20.83               
2016      4         21        0.006               0.88                0.09                
2016      5         25        0.02                0.79                2.36                
2016      6         16        0.004               0.59                3.94                
2016      7         20        0.26                0.68                11.62               
2016      8         17        0.014               0.62                14.28               
2016      9         23        0.31                1.1                 65.12               
2016      10        19        0.62                0.68                336.87              
2016      11        10        0.17                0.46                13.81               
2016      12        13        0.24                0.65                16.87               
2017      1         19        0.12                0.7                 8.25                
2017      2         8         0.28                0.72                18.03               
2017      3         14        0.25                0.69                14.83               
2017      4         20        0.17                0.56                9.18                
2017      5         17        0.25                0.53                10.77               
2017      6         14        0.33                0.58                20.61               
2017      7         12        0.15                0.54                7.56                
2017      8         17        0.12                0.61                9.22                
2017      9         19        0.055               1.1                 22.71               
2017      10        11        0.11                0.59                22.06               
2017      11        22        0.21                0.63                36.22               
2017      12        4         0.16                0.57                18.01               
2018      1         17        0.088               0.58                26.82               
2018      2         8         0.17                0.62                79.71               
2018      3         15        0.035               0.59                6.43                
2018      4         16        0.019               0.59                5.49                
2018      5         16        0.97                1.6                 9.21                
2018      6         14        0.043               0.46                7.22                
2018      7         17        0.094               0.65                14.26               
2018      8         20        0.1                 0.5                 24.66               
2018      9         11        0.074               0.5                 22.78               
2018      10        10        0.038               0.54                8.75                
2018      11        21        0.032               0.55                12.48               
2018      12        12        0.028               0.6                 21.02               
