Year      Month     Day       NO2+NO3_mg/l        Kjeldahl N_mg/l     Q_Ml/d    
2005      1         4         0.05                0.18                428.99              
2005      1         10        0.06                0.14                477.4               
2005      1         17        0.07                0.19                419.28              
2005      1         24        0.06                0.22                518.25              
2005      1         31        0.05                0.22                582.32              
2005      2         7         0.21                0.47                2435.26             
2005      2         14        0.11                0.2                 718.07              
2005      2         21        0.04                0.14                780.74              
2005      2         28        0.08                0.3                 593.08              
2005      3         7         0.09                0.21                477.28              
2005      3         15        0.06                0.14                319.48              
2005      3         21        0.05                0.09                373.46              
2005      3         29        0.04                0.14                291.63              
2005      4         4         0.05                0.19                1010.69             
2005      4         11        0.07                0.18                1082.27             
2005      4         18        0.08                0.15                597.46              
2005      4         26        0.08                0.14                413.66              
2005      5         2         0.08                0.1                 400.7               
2005      5         9         0.06                0.13                331.44              
2005      5         16        0.07                0.11                294.4               
2005      5         23        0.02                0.08                289.1               
2005      5         30        0.03                0.1                 313.99              
2005      6         6         0.04                0.11                302.32              
2005      6         14        0.23                0.45                804.07              
2005      6         20        0.18                0.43                1658.61             
2005      6         27        0.24                0.23                1628.78             
2005      7         4         0.26                0.49                2190.29             
2005      7         11        0.28                0.48                1510.57             
2005      7         18        0.24                0.58                2242.51             
2005      7         25        0.27                0.23                1246.29             
2005      8         1         0.27                0.18                2052.74             
2005      8         8         0.34                0.28                4440.59             
2005      8         15        0.34                0.26                2727.77             
2005      8         22        0.24                0.54                4599.08             
2005      8         29        0.26                0.26                2852.09             
2005      9         5         0.24                0.27                4704.48             
2005      9         12        0.13                0.67                6483.79             
2005      9         19        0.21                0.27                4218.99             
2005      9         26        0.25                0.19                2692.68             
2005      10        3         0.14                0.26                5407.38             
2005      10        10        0.2                 0.25                3447.51             
2005      10        17        0.24                0.21                1617.82             
2005      10        24        0.17                0.47                2687.37             
2005      11        1         0.18                0.84                3755.76             
2005      11        7         0.21                0.39                2037.67             
2005      11        14        0.18                0.2                 3336.46             
2005      11        21        0.14                0.23                1897.72             
2005      11        28        0.11                0.22                1737.05             
2005      12        5         0.14                0.4                 2154.43             
2005      12        12        0.08                0.18                1366.45             
2005      12        19        0.07                0.18                933.58              
2005      12        28        0.1                 0.11                676.19              
2006      1         3         0.09                0.15                756.55              
2006      1         9         0.06                0.24                497.04              
2006      1         16        0.07                0.19                453.88              
2006      1         23        0.05                0.25                906.48              
2006      1         30        0.08                0.26                451.79              
2006      2         6         0.06                0.26                271.18              
2006      2         13        0.04                0.31                245.45              
2006      2         20        0.04                0.14                314.43              
2006      2         27        0.05                0.26                445.28              
2006      3         6         0.07                0.16                247.74              
2006      3         14        0.06                0.09                150.41              
2006      3         20        0.06                0.17                297.05              
2006      3         27        0.05                0.08                242.36              
2006      4         3         0.04                0.11                201.75              
2006      4         10        0.03                0.08                321.57              
2006      4         18        0.03                0.16                255.24              
2006      4         26        0.02                0.14                300.07              
2006      5         1         0.06                0.15                285.07              
2006      5         8         0.02                0.13                402.05              
2006      5         15        0.08                0.12                522.49              
2006      5         22        0.04                0.15                505.01              
2006      5         29        0.04                0.2                 522.08              
2006      6         5         0.06                0.13                485.11              
2006      6         13        0.06                0.17                451.91              
2006      6         19        0.08                0.12                684.02              
2006      6         26        0.19                0.28                556.44              
2006      7         3         0.1                 0.18                463.92              
2006      7         10        0.09                0.09                527.33              
2006      7         17        0.16                0.25                785.63              
2006      7         24        0.15                0.15                624.1               
2006      7         31        0.1                 0.12                497.08              
2006      8         7         0.11                0.21                565.2               
2006      8         14        0.11                0.1                 450.3               
2006      8         21        0.12                0.18                431.83              
2006      8         28        0.16                0.26                473.25              
2006      9         4         0.12                0.31                539.56              
2006      9         11        0.14                0.13                526.71              
2006      9         18        0.16                0.24                389.82              
2006      9         25        0.12                0.16                376.06              
2006      10        2         0.09                0.17                276.89              
2006      10        9         0.09                0.15                208.36              
2006      10        16        0.09                0.14                379.1               
2006      10        23        0.05                0.15                193.26              
2006      10        30        0.03                0.11                162.53              
2006      11        7         0.06                0.19                146.38              
2006      11        13        0.05                0.14                146.91              
2006      11        20        0.06                0.21                166.76              
2006      11        27        0.17                0.19                107.66              
2006      12        4         0.007               0.2                 76.39               
2006      12        11        0.008               0.27                49.31               
2006      12        18        0.12                0.23                55.53               
2006      12        27        0.01                0.19                64.55               
2007      1         2         0.01                0.35                24.58               
2007      1         8         0.02                0.34                27.71               
2007      1         15        0.05                0.28                175.84              
2007      1         22        0.06                0.29                183.59              
2007      1         29        0.01                0.17                88.6                
2007      2         5         0.01                1.3                 47.03               
2007      2         12        0.01                0.36                26.19               
2007      2         19        0.03                0.15                189.69              
2007      2         26        0.04                0.13                170.15              
2007      3         13        0.02                0.1                 37.76               
2007      3         19        0.02                0.27                76.17               
2007      3         26        0.15                0.55                923.1               
2007      4         2         0.11                0.16                451.15              
2007      4         10        0.01                0.11                156.46              
2007      4         16        0.01                0.04                221.31              
2007      4         23        0.05                0.33                308.15              
2007      4         30        0.03                0.35                214.87              
2007      5         7         0.03                0.05                319.08              
2007      5         14        0.13                0.2                 528.09              
2007      5         21        0.12                0.28                666.07              
2007      5         28        0.21                0.01                712.74              
2007      6         4         0.4                 0.49                2286.08             
2007      6         12        0.25                0.13                1073.74             
2007      6         18        0.15                0.14                1632.9              
2007      6         25        0.17                0.14                975.59              
2007      7         2         0.23                0.11                1021.55             
2007      7         9         0.89                0.46                2296.66             
2007      7         16        0.39                0.07                1365.69             
2007      7         23        0.42                0.15                837.1               
2007      7         30        0.4                 0.2                 1393.28             
2007      8         6         0.32                0.2                 1337.01             
2007      8         13        0.47                0.19                2301.21             
2007      8         20        0.34                0.27                1400.41             
2007      8         27        0.32                0.08                785.7               
2007      9         3         0.34                0.16                1117.96             
2007      9         10        0.23                0.14                834.34              
2007      9         17        0.29                0.19                1041.26             
2007      9         24        0.21                0.21                1710.13             
2007      10        1         0.21                0.15                1328.15             
2007      10        8         0.23                0.19                1149.38             
2007      10        15        0.25                0.15                957.11              
2007      10        22        0.19                0.14                479.93              
2007      10        29        0.23                0.44                549.02              
2007      11        6         0.2                 0.44                2336.22             
2007      11        12        0.15                0.03                876.23              
2007      11        19        0.15                0.43                538.06              
2007      11        26        0.12                0.12                463.27              
2007      12        3         0.03                0.07                378.61              
2007      12        10        0.09                0.03                498.65              
2007      12        17        0.05                0.21                412.92              
2007      12        27        0.08                0.33                697.83              
2008      1         2         0.05                0.17                766.43              
2008      1         7         0.04                0.29                846.22              
2008      1         14        0.06                0.17                339.91              
2008      1         21        0.07                0.2                 474.32              
2008      1         29        0.05                0.35                353.39              
2008      2         4         0.16                0.32                423.21              
2008      2         11        0.04                0.15                354.7               
2008      2         18        0.06                0.19                392.8               
2008      2         25        0.06                0.26                285.89              
2008      3         3         0.03                0.09                206.84              
2008      3         11        0.06                0.18                208.46              
2008      3         17        0.04                0.35                797.11              
2008      3         25        0.11                0.24                234.93              
2008      3         31        0.07                0.33                227.18              
2008      4         7         0.07                0.18                243.22              
2008      4         14        0.05                0.09                273.01              
2008      4         21        0.03                0.14                239.39              
2008      4         28        0.02                0.21                216.46              
2008      5         5         0.04                0.31                377.35              
2008      5         12        0.04                0.2                 282.45              
2008      5         19        0.05                0.15                275.29              
2008      5         26        0.07                0.24                543.11              
2008      6         2         0.07                0.07                391.81              
2008      6         10        0.07                0.21                387.11              
2008      6         16        0.16                0.27                971.55              
2008      6         23        0.13                0.2                 472.12              
2008      6         30        0.12                0.2                 719.92              
2008      7         7         0.17                0.16                696.74              
2008      7         14        0.33                0.18                1069.4              
2008      7         21        0.16                0.38                1867.28             
2008      7         28        0.2                 0.15                1214.27             
2008      8         4         0.23                0.26                1080.45             
2008      8         11        0.16                0.19                903.7               
2008      8         18        0.16                0.19                810.76              
2008      8         25        0.18                0.16                836.74              
2008      9         1         0.15                0.47                1741.34             
2008      9         8         0.23                0.16                1384.65             
2008      9         15        0.16                0.2                 1640.36             
2008      9         22        0.24                0.24                1581.15             
2008      9         29        0.27                0.21                2009.61             
2008      10        6         0.24                0.17                1926.69             
2008      10        13        0.19                0.16                1023.31             
2008      10        20        0.16                0.21                762.04              
2008      10        27        0.11                0.2                 548.06              
2008      11        5         0.12                0.15                499.26              
2008      11        10        0.11                0.26                896.62              
2008      11        17        0.03                0.2                 413.6               
2008      11        24        0.04                0.21                731.75              
2008      12        1         0.08                0.26                1250.65             
2008      12        8         0.05                0.2                 775.76              
2008      12        15        0.12                0.4                 2420.56             
2008      12        22        0.06                0.26                1199.23             
2008      12        29        0.04                0.19                569.6               
2009      1         5         0.05                0.22                440.63              
2009      1         12        0.05                0.2                 292.63              
2009      1         19        0.05                0.2                 231.83              
2009      1         27        0.06                0.23                326.27              
2009      2         2         0.07                0.28                529.86              
2009      2         9         0.11                0.32                664.97              
2009      2         16        0.02                0.21                153.13              
2009      2         23        0.01                0.17                159.45              
2009      3         2         0.04                0.21                135.78              
2009      3         10        0.01                0.17                124.54              
2009      3         16        0.01                0.17                171.14              
2009      3         23        0.02                0.15                162.15              
2009      3         30        0.02                0.17                150.89              
2009      4         6         0.04                0.34                301.26              
2009      4         14        0.01                0.22                194.69              
2009      4         20        0.01                0.17                181.99              
2009      4         27        0.08                0.39                714.73              
2009      5         4         0.04                0.17                410.71              
2009      5         11        0.02                0.17                361.23              
2009      5         18        0.11                0.32                1256.28             
2009      5         25        0.04                0.18                418.62              
2009      6         1         0.04                0.18                646.64              
2009      6         9         0.05                0.2                 545.7               
2009      6         15        0.07                0.17                633.14              
2009      6         22        0.1                 0.12                536.39              
2009      6         29        0.1                 0.18                758.43              
2009      7         6         0.257               0.15                2198.75             
2009      7         13        0.279               0.06                1161.52             
2009      7         20        0.26                0.05                1367.27             
2009      7         27        0.256               0.05                1347.85             
2009      8         3         0.211               0.07                1509.21             
2009      8         10        0.174               0.1                 1733.05             
2009      8         17        0.222               0.08                1304.14             
2009      8         24        0.151               0.26                3447.22             
2009      8         31        0.285               0.51                2837.47             
2009      9         7         0.27                0.12                2181.98             
2009      9         14        0.168               0.14                3067.81             
2009      9         21        0.207               0.24                2064.46             
2009      9         28        0.172               0.31                3888.13             
2009      10        5         0.162               0.12                3701.09             
2009      10        12        0.185               0.26                2000.49             
2009      10        19        0.16                0.07                2834.51             
2009      10        26        0.145               0.33                1912.47             
2009      11        3         0.166               0.14                1500.04             
2009      11        9         0.148               0.16                941.19              
2009      11        16        0.117               0.12                703.9               
2009      11        23        0.036               0.14                938.6               
2009      12        7         0.058               0.07                508.05              
2009      12        14        0.002               0.39                502.94              
2009      12        21        0.047               0.13                361.52              
2009      12        29        0.054               0.11                316.64              
2010      1         4         0.114               0.43                1853.54             
2010      1         11        0.055               0.09                611.17              
2010      1         18        0.03                0.1                 337.54              
2010      1         26        0.044               0.2                 273.08              
2010      2         1         0.032               0.12                301.62              
2010      2         8         0.036               0.19                225.73              
2010      2         15        0.101               0.01                293.47              
2010      2         22        0.072               0.14                295.95              
2010      3         1         0.034               0.11                351.33              
2010      3         9         0.218               0.45                1124.75             
2010      3         15        0.039               0.26                725.2               
2010      3         22        0.024               0.12                422.88              
2010      3         29        0.06                0.2                 397.18              
2010      4         6         0.057               0.09                296.48              
2010      4         12        0.044               0.08                506.36              
2010      4         19        0.037               0.11                500.84              
2010      4         27        0.094               0.15                1661.36             
2010      5         3         0.073               0.06                1126.59             
2010      5         10        0.13                0.16                1430.86             
2010      5         17        0.071               0.06                633.22              
2010      5         24        0.172               0.05                814.4               
2010      5         31        0.174               0.05                1121.69             
2010      6         7         0.093               0.12                1484.67             
2010      6         15        0.126               0.1                 701.15              
2010      6         21        0.177               0.05                1607.23             
2010      6         28        0.165               0.05                2395.8              
2010      7         5         0.15                0.14                1607.93             
2010      7         12        0.17                0.42                1414.73             
2010      7         19        0.25                0.29                2180.26             
2010      7         26        0.19                0.21                1617.75             
2010      8         2         0.21                0.62                2308.54             
2010      8         9         0.22                0.27                1825.53             
2010      8         16        0.31                0.6                 2176.92             
2010      8         23        0.22                0.32                4079.3              
2010      8         30        0.31                0.37                4059.34             
2010      9         6         0.25                0.7                 26164.73            
2010      9         13        0.33                0.36                4287.45             
2010      9         20        0.36                0.29                2991.67             
2010      9         27        0.26                0.27                2420.65             
2010      10        4         0.18                0.22                2215.4              
2010      10        11        0.2                 0.28                2156.83             
2010      10        18        0.13                0.83                4609.16             
2010      10        25        0.21                0.34                2486.35             
2010      11        2         0.095               0.96                4809.47             
2010      11        8         0.18                0.35                2977.21             
2010      11        15        0.12                1.5                 6499.14             
2010      11        22        0.16                0.34                3304.37             
2010      11        29        0.16                0.82                4052.57             
2010      12        6         0.12                0.58                3782.94             
2010      12        13        0.15                0.56                4977.01             
2010      12        20        0.16                0.36                3842.81             
2010      12        29        0.19                0.32                1993.48             
2011      1         4         0.13                0.37                1699.38             
2011      1         10        0.085               0.3                 1886.84             
2011      1         17        0.14                0.64                2605.5              
2011      1         24        0.12                0.38                1379.53             
2011      1         31        0.085               0.35                1306.48             
2011      2         7         0.25                1.2                 5269.55             
2011      2         14        0.19                0.78                4739.18             
2011      2         21        0.12                0.96                4337.78             
2011      2         28        0.17                0.27                2815.22             
2011      3         7         0.14                0.26                1914.75             
2011      3         15        0.14                0.43                2076.02             
2011      3         21        0.13                0.29                1433.16             
2011      3         28        0.099               0.26                1444.06             
2011      4         4         0.1                 0.19                1099.6              
2011      4         11        0.089               0.2                 1379.43             
2011      4         18        0.061               0.21                1375.69             
2011      4         27        0.089               0.18                1298.52             
2011      5         2         0.062               0.17                1329.56             
2011      5         9         0.068               0.16                1328.27             
2011      5         16        0.11                0.18                1147.93             
2011      5         23        0.13                0.26                1124.88             
2011      5         30        0.082               0.2                 2014.3              
2011      6         6         0.18                0.31                1351.66             
2011      6         14        0.12                0.15                1132.14             
2011      6         20        0.14                0.14                1109.73             
2011      6         27        0.16                0.18                2149.13             
2011      7         4         0.16                0.25                1937.63             
2011      7         11        0.24                0.33                3643.27             
2011      7         18        0.26                0.45                2602.8              
2011      7         25        0.25                0.24                2599.12             
2011      8         1         0.28                0.26                2013.09             
2011      8         8         0.16                0.53                3906.49             
2011      8         15        0.14                0.21                3450.82             
2011      8         22        0.22                0.51                3797.96             
2011      8         29        0.22                0.29                2630.17             
2011      9         5         0.2                 0.22                1869.61             
2011      9         12        0.14                0.22                2319.84             
2011      9         19        0.12                0.19                1785.36             
2011      9         26        0.12                0.19                1372.06             
2011      10        3         0.15                0.46                3095.28             
2011      10        10        0.11                0.22                2348.72             
2011      10        18        0.14                0.19                1493.65             
2011      10        24        0.13                0.23                1248.82             
2011      11        1         0.097               0.25                1276.9              
2011      11        7         0.093               0.22                1618.26             
2011      11        14        0.11                0.41                1949.0              
2011      11        21        0.095               0.31                1752.8              
2011      11        28        0.11                0.71                3821.39             
2011      12        5         0.076               0.23                2073.37             
2011      12        12        0.056               0.22                2311.56             
2011      12        19        0.061               0.22                1269.62             
2011      12        28        0.06                0.35                1239.12             
2012      1         3         0.031               0.24                1378.63             
2012      1         9         0.065               0.22                883.5               
2012      1         16        0.022               0.21                907.43              
2012      1         23        0.023               0.19                855.68              
2012      1         30        0.026               0.24                918.5               
2012      2         6         0.068               0.21                854.56              
2012      2         13        0.032               0.17                890.26              
2012      2         20        0.044               0.16                729.52              
2012      2         27        0.046               0.27                1230.13             
2012      3         5         0.14                1.2                 15339.98            
2012      3         13        0.12                0.36                3940.69             
2012      3         19        0.077               0.48                3356.88             
2012      3         26        0.11                0.22                1761.88             
2012      4         2         0.075               0.2                 1132.05             
2012      4         10        0.063               0.18                1048.72             
2012      4         16        0.072               0.14                1193.06             
2012      4         23        0.11                0.39                998.33              
2012      4         30        0.068               0.18                962.93              
2012      5         7         0.099               0.2                 884.36              
2012      5         14        0.082               0.14                940.2               
2012      5         21        0.091               0.14                744.68              
2012      5         28        0.15                0.39                1517.33             
2012      6         4         0.1                 0.21                1304.22             
2012      6         12        0.086               0.14                1980.76             
2012      6         18        0.14                0.15                1285.97             
2012      6         25        0.11                0.22                2575.92             
2012      7         2         0.15                0.39                2908.37             
2012      7         9         0.16                0.2                 1876.57             
2012      7         16        0.21                0.78                5774.15             
2012      7         23        0.2                 0.24                3318.87             
2012      7         30        0.19                0.36                2865.04             
2012      8         6         0.18                0.23                2545.45             
2012      8         13        0.16                0.26                2251.65             
2012      8         20        0.19                0.55                3338.7              
2012      8         27        0.17                0.43                4127.69             
2012      9         3         0.17                0.2                 2780.52             
2012      9         10        0.14                0.24                3446.95             
2012      9         17        0.12                0.16                2738.44             
2012      9         24        0.1                 0.23                2824.32             
2012      10        1         0.11                0.23                3495.44             
2012      10        8         0.13                0.44                3648.55             
2012      10        15        0.1                 0.18                2216.48             
2012      10        22        0.097               0.2                 2234.02             
2012      10        29        0.07                0.19                1931.46             
2012      11        6         0.098               0.21                1056.21             
2012      11        12        0.094               0.33                1662.86             
2012      11        19        0.062               0.22                1356.16             
2012      11        26        0.04                0.23                1183.1              
2012      12        3         0.062               0.28                1542.32             
2012      12        10        0.018               0.17                828.27              
2012      12        17        0.13                0.33                1272.97             
2012      12        27        0.011               0.23                583.03              
2013      1         2         0.008               0.21                439.4               
2013      1         7         0.018               0.2                 512.42              
2013      1         14        0.028               0.22                327.75              
2013      1         21        0.038               0.25                326.39              
2013      1         29        0.016               0.18                259.49              
2013      2         4         0.021               0.17                262.18              
2013      2         11        0.023               0.23                181.97              
2013      2         18        0.05                0.22                323.92              
2013      2         25        0.043               0.21                220.38              
2013      3         4         0.051               0.29                358.37              
2013      3         12        0.043               0.2                 292.25              
2013      3         18        0.045               0.18                265.15              
2013      3         25        0.11                0.32                455.1               
2013      4         2         0.085               0.24                676.1               
2013      4         8         0.042               0.21                423.58              
2013      4         15        0.035               0.16                368.32              
2013      4         22        0.028               0.17                433.42              
2013      4         29        0.019               0.14                367.66              
2013      5         6         0.015               0.19                371.46              
2013      5         13        0.012               0.13                343.21              
2013      5         20        0.056               0.14                1006.43             
2013      5         27        0.034               0.11                889.72              
2013      6         3         0.25                0.67                3575.47             
2013      6         11        0.12                0.15                1575.71             
2013      6         17        0.13                0.2                 1888.5              
2013      6         24        0.14                0.15                1036.96             
2013      7         1         0.15                0.15                848.22              
2013      7         8         0.11                0.15                969.22              
2013      7         15        0.1                 0.2                 1012.65             
2013      7         22        0.26                0.73                5323.58             
2013      7         29        0.25                0.21                3162.0              
2013      8         5         0.2                 0.33                3988.69             
2013      8         12        0.25                0.3                 5094.07             
2013      8         19        0.23                0.31                4690.91             
2013      8         26        0.2                 0.36                5043.34             
2013      9         2         0.097               0.24                4610.64             
2013      9         9         0.12                0.19                3896.46             
2013      9         16        0.14                0.22                2580.35             
2013      9         23        0.14                0.28                3243.29             
2013      9         30        0.12                0.16                2550.11             
2013      10        7         0.12                0.15                2152.14             
2013      10        14        0.1                 0.14                1676.18             
2013      10        21        0.11                0.14                1531.76             
2013      10        28        0.072               0.2                 1742.77             
2013      11        5         0.096               0.16                912.16              
2013      11        11        0.11                0.16                632.93              
2013      11        18        0.11                0.16                776.62              
2013      11        25        0.1                 0.18                502.73              
2013      12        2         0.05                0.24                511.32              
2014      1         9         0.013               0.24                316.6               
2014      2         6         0.014               0.18                203.32              
2014      3         6         0.016               0.13                134.85              
2014      4         3         0.04                0.18                344.39              
2014      5         8         0.007               0.12                325.48              
2014      6         5         0.14                0.36                1857.41             
2014      7         2         0.29                0.41                4562.3              
2014      8         6         0.24                0.24                2952.28             
2014      9         4         0.12                0.23                1537.02             
2014      10        2         0.063               0.18                1397.01             
2014      11        6         0.018               0.1                 573.54              
2014      12        4         0.056               0.29                598.71              
2015      1         8         0.012               0.32                395.71              
2015      2         5         0.012               0.27                225.1               
2015      3         5         0.046               0.26                208.57              
2015      4         16        0.025               0.23                195.22              
2015      5         7         0.005               0.19                706.97              
2015      6         4         0.041               0.33                1933.98             
2015      7         2         0.095               0.13                1069.55             
2015      8         6         0.22                0.52                3827.68             
2015      9         3         0.12                0.53                2245.64             
2015      10        8         0.045               0.17                1286.93             
2015      11        5         0.076               0.24                989.18              
2015      12        3         0.019               0.25                431.68              
2016      1         7         0.045               0.23                426.28              
2016      2         4         0.039               0.39                1086.08             
2016      3         3         0.035               0.34                701.27              
2016      4         7         0.025               0.32                213.34              
2016      5         5         0.023               0.3                 374.4               
2016      6         2         0.095               0.18                1568.3              
2016      7         7         0.21                0.36                4148.11             
2016      8         4         0.37                0.61                7511.89             
2016      9         8         0.18                0.3                 5540.6              
2016      10        6         0.17                0.71                18203.36            
2016      11        3         0.19                0.33                2805.75             
2016      12        8         0.053               0.27                1056.75             
2017      1         5         0.043               0.29                906.64              
2017      2         2         0.031               0.24                620.49              
2017      3         2         0.028               0.29                699.95              
2017      4         6         0.026               0.2                 314.61              
2017      5         4         0.028               0.2                 710.09              
2017      6         8         0.055               0.12                563.45              
2017      7         5         0.072               0.17                1247.75             
2017      8         3         0.05                0.14                1254.39             
2017      9         6         0.24                0.24                2070.71             
2017      10        5         0.055               0.23                2715.47             
2017      11        2         0.093               0.25                2027.96             
2017      12        7         0.091               0.5                 3087.15             
2018      1         4         0.032               0.23                878.85              
2018      2         8         0.046               0.2                 390.24              
2018      3         8         0.032               0.49                458.19              
2018      4         5         0.026               0.23                294.65              
2018      5         3         0.003               0.2                 222.39              
2018      6         7         0.014               0.17                767.9               
2018      7         5         0.056               0.13                810.89              
2018      8         2         0.093               0.17                1371.57             
2018      9         6         0.096               0.18                1516.36             
2018      10        4         0.058               0.17                1832.24             
2018      11        8         0.11                0.27                1378.5              
2018      12        6         0.027               0.18                611.71              
