Year	Month	Day	Conc_μg_l	Q_m3_s
2007 	1 	15 	11.0 	18.120 
2007 	2 	12 	10.0 	10.771 
2007 	3 	13 	8.0 	9.115 
2007 	4 	10 	17.0 	28.109 
2007 	5 	8 	14.0 	102.218 
2007 	6 	11 	7.0 	15.948 
2007 	7 	10 	7.0 	9.132 
2007 	8 	8 	12.0 	54.827 
2007 	9 	11 	10.0 	24.693 
2007 	10 	15 	9.0 	22.985 
2007 	11 	12 	11.0 	22.048 
2007 	12 	10 	44.0 	26.988 
2008 	1 	8 	14.0 	16.079 
2008 	2 	11 	12.0 	14.298 
2008 	3 	10 	13.0 	13.139 
2008 	4 	14 	13.0 	20.512 
2008 	5 	12 	103.0 	303.699 
2008 	6 	11 	9.0 	18.896 
2008 	7 	9 	9.0 	19.788 
2008 	8 	11 	7.0 	10.559 
2008 	9 	10 	10.0 	40.708 
2008 	10 	13 	14.0 	24.978 
2008 	11 	10 	12.0 	16.847 
2008 	12 	8 	12.0 	9.437 
2009 	1 	12 	75.0 	8.626 
2009 	2 	11 	12.0 	8.394 
2009 	3 	9 	15.0 	8.214 
2009 	4 	14 	19.0 	14.892 
2009 	5 	11 	49.0 	173.795 
2009 	6 	9 	11.0 	22.393 
2009 	7 	7 	12.0 	15.592 
2009 	8 	12 	23.0 	37.405 
2009 	9 	8 	23.0 	68.380 
2009 	10 	12 	14.0 	25.646 
2009 	11 	9 	13.0 	24.345 
2009 	12 	7 	16.0 	33.954 
2010 	1 	11 	11.0 	13.232 
2010 	2 	8 	11.0 	10.407 
2010 	3 	9 	12.0 	9.525 
2010 	4 	12 	14.0 	14.390 
2010 	5 	17 	92.0 	219.485 
2010 	6 	7 	18.0 	34.055 
2010 	7 	12 	12.0 	15.920 
2010 	8 	9 	18.0 	20.816 
2010 	9 	14 	13.0 	14.014 
2010 	10 	12 	15.0 	17.620 
2010 	11 	8 	14.0 	40.532 
2010 	12 	6 	12.0 	8.685 
2011 	1 	17 	12.0 	8.092 
2011 	2 	8 	12.0 	7.879 
2011 	3 	15 	13.0 	7.792 
2011 	4 	11 	33.0 	14.953 
2011 	5 	9 	18.0 	44.764 
2011 	6 	7 	13.0 	39.035 
2011 	7 	11 	12.0 	17.648 
2011 	8 	15 	21.0 	60.722 
2011 	9 	12 	66.0 	109.762 
2011 	10 	11 	16.0 	70.469 
2011 	11 	14 	13.0 	27.506 
2011 	12 	12 	13.0 	17.082 
2012 	1 	16 	12.0 	10.837 
2012 	2 	13 	31.0 	9.763 
2012 	3 	12 	12.0 	10.638 
2012 	4 	16 	21.0 	40.778 
2012 	5 	21 	92.0 	285.453 
2012 	6 	18 	13.0 	58.994 
2012 	7 	16 	12.0 	26.351 
2012 	8 	13 	13.0 	15.369 
2012 	9 	17 	15.0 	24.914 
2012 	10 	15 	19.0 	99.397 
2012 	11 	14 	16.0 	55.197 
2012 	12 	10 	12.0 	22.753 
2013 	1 	14 	11.0 	12.046 
2013 	2 	11 	12.0 	10.110 
2013 	3 	11 	16.0 	8.643 
2013 	4 	15 	14.0 	7.975 
2013 	5 	14 	40.0 	186.200 
2013 	6 	17 	12.0 	16.842 
2013 	7 	15 	11.0 	20.390 
2013 	8 	19 	14.0 	21.241 
2013 	9 	16 	13.0 	16.941 
2013 	10 	14 	15.0 	37.529 
2013 	11 	11 	14.0 	35.448 
2013 	12 	9 	12.0 	10.463 
2014 	1 	13 	13.0 	15.942 
2014 	2 	11 	12.9 	11.413 
2014 	3 	17 	25.7 	30.788 
2014 	4 	7 	15.0 	15.330 
2014 	5 	13 	19.6 	54.914 
2014 	6 	16 	15.1 	43.848 
2014 	7 	14 	13.8 	9.858 
2014 	8 	11 	12.5 	7.183 
2014 	9 	15 	10.7 	10.211 
2014 	10 	13 	33.3 	38.519 
2014 	11 	17 	11.8 	21.727 
2014 	12 	8 	11.7 	10.788 
2015 	1 	12 	10.5 	8.429 
2015 	2 	16 	13.3 	8.547 
2015 	3 	9 	12.1 	8.289 
2015 	4 	13 	38.8 	46.441 
2015 	5 	18 	28.8 	138.300 
2015 	6 	15 	11.2 	44.458 
2015 	7 	13 	15.0 	44.619 
2015 	8 	17 	13.7 	17.672 
2015 	9 	14 	10.5 	8.734 
2015 	10 	12 	10.9 	15.360 
2015 	11 	16 	12.6 	17.170 
2015 	12 	7 	11.6 	9.107 
2016 	1 	18 	14.2 	8.989 
2016 	2 	15 	14.6 	8.766 
2016 	3 	14 	11.2 	8.195 
2016 	4 	12 	31.7 	40.937 
2016 	5 	16 	24.3 	116.348 
2016 	6 	13 	12.7 	15.482 
2016 	7 	11 	11.5 	17.612 
2016 	8 	15 	13.2 	19.687 
2016 	9 	12 	10.9 	15.435 
2016 	10 	17 	10.7 	10.190 
2016 	11 	14 	11.2 	8.162 
2016 	12 	12 	10.3 	7.636 
2017 	1 	16 	12.6 	9.242 
2017 	2 	13 	11.3 	8.137 
2017 	3 	13 	11.0 	8.017 
2017 	4 	18 	18.5 	25.626 
2017 	5 	17 	20.1 	67.865 
2017 	6 	13 	12.6 	27.151 
2017 	7 	17 	13.4 	25.607 
2017 	8 	14 	11.6 	25.840 
2017 	9 	12 	23.1 	49.399 
2017 	10 	9 	22.8 	113.969 
2017 	11 	13 	12.0 	29.853 
2017 	12 	11 	14.9 	34.522 
2018 	1 	15 	10.9 	14.936 
2018 	2 	12 	11.4 	12.346 
2018 	3 	12 	12.0 	11.663 
2018 	4 	16 	13.4 	14.301 
2018 	5 	14 	45.2 	290.698 
2018 	6 	11 	12.0 	12.440 
2018 	7 	16 	10.3 	5.886 
2018 	8 	14 	9.3 	6.668 
2018 	9 	17 	8.1 	6.316 
2018 	10 	15 	8.6 	7.822 
2018 	11 	12 	20.5 	26.393 
2018 	12 	10 	21.7 	21.060 