Year	Month	Day	Conc_μg_l	Q_m3_s
2007 	1 	15 	6.0 	623.000 
2007 	2 	15 	3.0 	703.000 
2007 	3 	14 	5.0 	655.000 
2007 	4 	13 	9.0 	677.000 
2007 	5 	10 	6.0 	663.000 
2007 	6 	15 	3.0 	538.000 
2007 	7 	24 	8.0 	384.000 
2007 	8 	21 	4.0 	398.000 
2007 	9 	12 	6.0 	431.000 
2007 	10 	16 	7.0 	371.000 
2007 	11 	12 	3.0 	424.000 
2007 	12 	14 	4.0 	536.000 
2008 	1 	11 	4.0 	599.000 
2008 	2 	11 	3.0 	580.466 
2008 	3 	13 	3.0 	528.625 
2008 	4 	14 	4.0 	470.393 
2008 	5 	14 	9.0 	788.611 
2008 	6 	17 	7.0 	434.447 
2008 	7 	15 	5.0 	224.003 
2008 	8 	12 	5.0 	262.183 
2008 	9 	12 	9.0 	345.742 
2008 	10 	17 	6.0 	359.785 
2008 	11 	11 	4.0 	403.473 
2008 	12 	12 	4.0 	553.233 
2009 	1 	15 	3.0 	579.962 
2009 	2 	16 	4.0 	512.829 
2009 	3 	16 	5.0 	461.067 
2009 	4 	17 	10.0 	560.941 
2009 	5 	12 	12.0 	614.844 
2009 	6 	9 	8.0 	320.195 
2009 	7 	13 	8.0 	279.030 
2009 	8 	14 	8.0 	560.400 
2009 	9 	14 	8.0 	710.260 
2009 	10 	14 	6.0 	576.580 
2009 	11 	13 	4.0 	610.280 
2009 	12 	10 	6.0 	628.610 
2010 	1 	18 	5.0 	612.760 
2010 	2 	15 	4.0 	642.960 
2010 	3 	15 	3.0 	532.410 
2010 	4 	15 	14.0 	325.080 
2010 	5 	10 	11.0 	424.200 
2010 	6 	16 	10.0 	488.920 
2010 	7 	19 	9.0 	332.610 
2010 	8 	30 	7.0 	449.830 
2010 	9 	16 	6.0 	361.740 
2010 	10 	12 	8.0 	561.750 
2010 	11 	15 	6.0 	494.800 
2010 	12 	13 	5.0 	596.350 
2011 	1 	11 	4.0 	392.380 
2011 	2 	15 	4.0 	608.530 
2011 	3 	16 	4.0 	323.210 
2011 	4 	11 	11.0 	379.060 
2011 	5 	11 	11.0 	282.070 
2011 	6 	15 	8.0 	543.240 
2011 	7 	12 	7.0 	260.200 
2011 	8 	22 	14.0 	1083.310 
2011 	9 	13 	16.0 	1564.040 
2011 	10 	13 	8.0 	914.970 
2011 	11 	22 	6.0 	628.510 
2011 	12 	13 	6.0 	655.890 
2012 	1 	19 	4.0 	633.760 
2012 	2 	15 	4.0 	715.010 
2012 	3 	14 	3.0 	680.920 
2012 	4 	18 	8.0 	689.430 
2012 	5 	14 	10.0 	952.380 
2012 	6 	14 	8.0 	784.260 
2012 	7 	13 	8.0 	502.950 
2012 	8 	15 	7.0 	608.330 
2012 	9 	13 	8.0 	378.130 
2012 	10 	18 	9.0 	613.460 
2012 	11 	15 	7.0 	575.630 
2012 	12 	14 	6.0 	711.780 
2013 	1 	16 	4.0 	623.400 
2013 	2 	15 	4.0 	579.250 
2013 	3 	18 	4.0 	455.450 
2013 	4 	17 	12.0 	352.910 
2013 	6 	13 	7.0 	139.270 
2013 	7 	15 	8.0 	183.160 
2013 	8 	16 	7.0 	269.350 
2013 	9 	16 	5.0 	400.490 
2013 	10 	15 	7.0 	577.470 
2013 	11 	22 	6.0 	566.770 
2013 	12 	18 	5.0 	624.520 
2014 	1 	16 	5.0 	549.380 
2014 	2 	14 	4.2 	614.330 
2014 	3 	12 	5.3 	548.520 
2014 	4 	16 	7.3 	554.400 
2014 	5 	19 	7.6 	585.640 
2014 	6 	13 	7.8 	770.940 
2014 	7 	4 	7.8 	257.829 
2014 	8 	14 	7.8 	210.090 
2014 	9 	17 	5.1 	205.390 
2014 	10 	14 	7.0 	377.520 
2014 	11 	18 	6.0 	395.210 
2014 	12 	16 	4.9 	434.780 
2015 	1 	15 	4.9 	507.750 
2015 	2 	13 	6.0 	642.670 
2015 	3 	17 	4.2 	566.530 
2015 	4 	17 	8.6 	641.040 
2015 	5 	15 	9.5 	929.200 
2015 	6 	16 	7.9 	915.900 
2015 	7 	9 	6.6 	358.600 
2015 	8 	13 	5.7 	502.560 
2015 	9 	21 	5.9 	413.750 
2015 	10 	21 	4.6 	577.760 
2015 	11 	13 	4.0 	598.210 
2015 	12 	15 	4.2 	691.180 
2016 	1 	14 	3.5 	641.090 
2016 	2 	16 	3.2 	638.560 
2016 	3 	14 	2.5 	540.900 
2016 	4 	12 	8.2 	483.310 
2016 	5 	19 	7.2 	617.700 
2016 	6 	16 	9.0 	188.870 
2016 	7 	13 	8.4 	233.240 
2016 	8 	18 	7.1 	192.670 
2016 	9 	16 	5.9 	342.940 
2016 	10 	18 	5.4 	394.620 
2016 	11 	22 	3.4 	417.380 
2016 	12 	13 	4.3 	496.740 
2017 	1 	13 	4.7 	494.400 
2017 	2 	14 	4.2 	622.170 
2017 	3 	14 	3.1 	488.730 
2017 	4 	10 	8.1 	466.140 
2017 	5 	17 	6.1 	688.510 
2017 	6 	14 	7.8 	365.660 
2017 	7 	24 	6.8 	648.150 
2017 	8 	16 	5.2 	560.240 
2017 	9 	18 	5.5 	481.520 
2017 	10 	19 	6.2 	652.030 
2017 	11 	16 	4.4 	528.590 
2017 	12 	11 	4.6 	556.710 
2018 	1 	12 	3.9 	616.490 
2018 	2 	9 	4.0 	636.670 
2018 	3 	15 	2.0 	621.210 
2018 	4 	20 	8.0 	355.880 
2018 	5 	17 	11.8 	1294.260 
2018 	6 	14 	8.5 	339.330 
2018 	7 	12 	7.2 	309.200 
2018 	8 	21 	5.8 	354.400 
2018 	9 	17 	6.0 	410.340 
2018 	10 	15 	5.5 	379.270 
2018 	11 	14 	5.6 	586.460 
2018 	12 	11 	4.5 	586.160 