Year	Month	Day	Conc_μg_l	Q_m3_s
2007 	2 	14 	2.0 	391.008 
2007 	3 	15 	3.0 	399.008 
2007 	4 	18 	12.0 	531.717 
2007 	5 	15 	9.0 	682.050 
2007 	6 	18 	3.0 	792.042 
2007 	8 	15 	8.0 	554.208 
2007 	9 	17 	8.0 	404.125 
2007 	10 	15 	7.0 	415.800 
2007 	11 	14 	5.0 	465.008 
2007 	12 	13 	5.0 	383.717 
2008 	2 	18 	6.0 	365.758 
2008 	3 	17 	4.0 	364.133 
2008 	4 	14 	5.0 	301.675 
2008 	5 	10 	28.0 	1138.300 
2008 	5 	11 	28.0 	1192.508 
2008 	5 	12 	24.0 	1307.383 
2008 	5 	13 	31.0 	1352.842 
2008 	5 	14 	32.0 	1439.217 
2008 	5 	15 	30.0 	1486.633 
2008 	5 	16 	26.0 	1371.133 
2008 	5 	17 	29.0 	1273.800 
2008 	5 	18 	19.0 	1091.300 
2008 	5 	19 	14.0 	1072.717 
2008 	5 	20 	11.0 	984.350 
2008 	5 	21 	8.0 	894.458 
2008 	5 	22 	7.0 	791.000 
2008 	5 	23 	7.0 	740.500 
2008 	5 	24 	5.0 	617.250 
2008 	5 	25 	7.0 	560.542 
2008 	5 	26 	7.0 	624.542 
2008 	5 	27 	6.0 	568.542 
2008 	5 	28 	5.0 	522.292 
2008 	5 	29 	6.0 	484.458 
2008 	5 	30 	5.0 	480.333 
2008 	5 	31 	6.0 	486.917 
2008 	6 	1 	5.0 	380.583 
2008 	6 	2 	4.0 	519.292 
2008 	6 	3 	6.0 	518.208 
2008 	6 	4 	6.0 	631.042 
2008 	6 	5 	4.0 	637.167 
2008 	6 	6 	9.0 	666.167 
2008 	6 	7 	8.0 	671.417 
2008 	6 	8 	7.0 	612.375 
2008 	6 	16 	4.0 	872.408 
2008 	7 	21 	5.0 	336.875 
2008 	8 	18 	6.0 	302.583 
2008 	9 	15 	9.0 	384.708 
2008 	10 	15 	7.0 	398.217 
2008 	11 	19 	5.0 	363.717 
2008 	12 	15 	4.0 	372.467 
2009 	1 	15 	4.0 	354.633 
2009 	2 	16 	4.0 	348.925 
2009 	3 	16 	4.0 	352.592 
2009 	4 	15 	9.0 	272.675 
2009 	4 	20 	10.0 	167.842 
2009 	4 	21 	11.0 	264.133 
2009 	4 	22 	9.0 	222.467 
2009 	4 	23 	9.0 	309.550 
2009 	4 	24 	12.0 	248.675 
2009 	4 	25 	26.0 	240.508 
2009 	4 	26 	26.0 	262.758 
2009 	4 	27 	36.0 	390.883 
2009 	4 	28 	25.0 	432.425 
2009 	4 	29 	26.0 	451.008 
2009 	4 	30 	23.0 	523.133 
2009 	5 	1 	22.0 	490.675 
2009 	5 	2 	25.0 	580.758 
2009 	5 	3 	25.0 	679.550 
2009 	5 	4 	28.0 	717.675 
2009 	5 	5 	26.0 	725.758 
2009 	5 	6 	22.0 	729.425 
2009 	5 	7 	26.0 	725.842 
2009 	5 	8 	22.0 	739.508 
2009 	5 	9 	22.0 	747.425 
2009 	5 	10 	19.0 	798.508 
2009 	5 	11 	26.0 	802.925 
2009 	5 	12 	17.0 	797.675 
2009 	5 	13 	16.0 	820.175 
2009 	5 	14 	15.0 	777.633 
2009 	5 	15 	14.0 	795.675 
2009 	5 	16 	13.0 	667.550 
2009 	5 	17 	13.0 	604.842 
2009 	5 	18 	14.0 	737.675 
2009 	5 	19 	11.0 	686.550 
2009 	5 	20 	11.0 	673.204 
2009 	5 	21 	11.0 	640.792 
2009 	5 	22 	11.0 	664.583 
2009 	5 	23 	11.0 	771.041 
2009 	5 	24 	11.0 	655.292 
2009 	5 	25 	11.0 	718.750 
2009 	5 	26 	10.0 	683.708 
2009 	5 	27 	9.0 	657.000 
2009 	5 	28 	9.0 	658.792 
2009 	5 	29 	10.0 	662.542 
2009 	5 	30 	7.0 	537.917 
2009 	5 	31 	7.0 	523.208 
2009 	6 	1 	7.0 	535.542 
2009 	6 	2 	8.0 	554.000 
2009 	6 	3 	8.0 	568.875 
2009 	6 	4 	16.0 	704.708 
2009 	6 	5 	6.0 	649.667 
2009 	6 	6 	6.0 	549.208 
2009 	6 	7 	6.0 	566.958 
2009 	6 	8 	7.0 	713.833 
2009 	6 	9 	8.0 	696.958 
2009 	6 	10 	8.0 	652.208 
2009 	6 	11 	5.0 	532.542 
2009 	6 	12 	7.0 	537.792 
2009 	6 	13 	7.0 	455.083 
2009 	6 	14 	6.0 	379.958 
2009 	6 	15 	8.0 	524.458 
2009 	6 	16 	6.0 	463.125 
2009 	7 	14 	9.0 	388.620 
2009 	8 	17 	9.0 	475.830 
2009 	9 	15 	7.0 	589.580 
2009 	10 	13 	5.0 	508.720 
2009 	11 	16 	6.0 	381.800 
2009 	12 	15 	6.0 	364.430 
2010 	1 	14 	3.0 	397.090 
2010 	2 	16 	5.0 	394.680 
2010 	3 	15 	4.0 	240.800 
2010 	4 	19 	14.0 	289.380 
2010 	5 	16 	24.0 	589.170 
2010 	6 	15 	8.0 	612.880 
2010 	8 	19 	6.0 	489.470 
2010 	9 	15 	8.0 	337.570 
2010 	10 	17 	6.0 	266.380 
2010 	11 	15 	6.0 	320.510 
2010 	12 	13 	4.0 	354.180 
2011 	1 	17 	4.0 	213.470 
2011 	2 	14 	4.0 	323.300 
2011 	3 	14 	3.0 	234.010 
2011 	4 	11 	12.0 	230.880 
2011 	5 	16 	9.0 	246.510 
2011 	6 	13 	10.0 	925.720 
2011 	7 	18 	5.0 	391.200 
2011 	8 	15 	6.0 	539.660 
2011 	9 	12 	11.0 	822.380 
2011 	10 	17 	11.0 	781.370 
2011 	11 	15 	5.0 	549.630 
2011 	12 	19 	6.0 	455.720 
2012 	1 	16 	3.0 	430.430 
2012 	2 	15 	4.0 	360.510 
2012 	3 	14 	4.0 	387.840 
2012 	4 	16 	5.0 	444.630 
2012 	5 	14 	20.0 	769.380 
2012 	6 	13 	15.0 	1391.410 
2012 	7 	18 	6.0 	779.570 
2012 	8 	14 	6.0 	545.420 
2012 	9 	19 	7.0 	467.210 
2012 	10 	16 	7.0 	685.760 
2012 	11 	14 	7.0 	535.720 
2012 	12 	11 	6.0 	434.880 
2013 	1 	15 	4.0 	397.760 
2013 	2 	19 	4.0 	366.340 
2013 	3 	14 	5.0 	389.380 
2013 	4 	16 	6.0 	137.010 
2013 	5 	14 	16.0 	581.220 
2013 	6 	26 	7.0 	388.000 
2013 	7 	29 	6.0 	338.640 
2013 	8 	12 	5.0 	349.390 
2013 	9 	18 	5.0 	299.270 
2013 	10 	14 	6.0 	427.630 
2013 	11 	19 	7.0 	284.580 
2013 	12 	16 	5.0 	312.420 
2014 	1 	21 	3.1 	394.000 
2014 	2 	24 	3.9 	308.080 
2014 	3 	17 	6.6 	359.580 
2014 	4 	23 	15.1 	413.380 
2014 	5 	13 	12.2 	350.750 
2014 	6 	23 	6.4 	700.830 
2014 	7 	15 	5.0 	410.810 
2014 	8 	26 	7.0 	377.200 
2014 	9 	15 	5.4 	253.040 
2014 	10 	13 	10.3 	322.880 
2014 	11 	24 	4.4 	256.880 
2014 	12 	17 	7.4 	340.050 
2015 	1 	12 	3.8 	255.800 
2015 	2 	16 	4.4 	398.800 
2015 	3 	17 	4.8 	392.680 
2015 	4 	15 	20.8 	405.220 
2015 	5 	19 	12.6 	779.240 
2015 	6 	22 	6.3 	829.920 
2015 	7 	15 	7.2 	936.700 
2015 	8 	17 	5.5 	625.400 
2015 	9 	14 	4.1 	299.460 
2015 	10 	12 	5.3 	535.000 
2015 	11 	16 	3.5 	399.630 
2015 	12 	15 	3.6 	413.630 
2016 	1 	18 	2.8 	403.380 
2016 	2 	15 	4.1 	362.630 
2016 	3 	15 	3.2 	302.630 
2016 	4 	12 	12.3 	346.380 
2016 	5 	16 	9.7 	647.670 
2016 	6 	14 	5.6 	593.450 
2016 	7 	19 	6.9 	418.740 
2016 	8 	22 	4.6 	314.030 
2016 	9 	13 	4.9 	459.970 
2016 	10 	17 	4.2 	391.500 
2016 	11 	21 	8.2 	318.500 
2016 	12 	14 	3.8 	314.380 
2017 	1 	16 	3.5 	412.080 
2017 	2 	13 	2.4 	362.080 
2017 	3 	20 	2.6 	307.580 
2017 	4 	11 	9.0 	214.040 
2017 	5 	15 	10.6 	391.330 
2017 	6 	12 	5.4 	472.680 
2017 	7 	12 	5.9 	655.750 
2017 	8 	14 	15.1 	507.700 
2017 	9 	12 	10.0 	511.290 
2017 	10 	17 	6.1 	549.330 
2017 	11 	13 	4.6 	512.880 
2017 	12 	19 	5.5 	426.460 
2018 	1 	15 	4.9 	305.420 
2018 	2 	19 	4.0 	416.380 
2018 	3 	20 	2.2 	310.130 
2018 	4 	23 	21.6 	324.920 
2018 	5 	21 	42.6 	1773.170 
2018 	6 	19 	9.1 	329.940 
2018 	7 	16 	2.5 	327.570 
2018 	8 	22 	3.7 	348.850 
2018 	9 	18 	4.0 	324.150 
2018 	10 	30 	3.3 	327.460 
2018 	11 	19 	3.5 	431.790 
2018 	12 	18 	3.1 	407.710 