Year	Month	Day	Conc_μg_l	Q_m3_s
2007 	1 	14 	18.0 	120.510 
2007 	1 	15 	11.0 	118.670 
2007 	2 	14 	18.0 	92.990 
2007 	2 	15 	9.0 	91.830 
2007 	3 	15 	7.0 	72.450 
2007 	3 	16 	5.0 	72.090 
2007 	4 	16 	14.0 	106.750 
2007 	5 	14 	43.0 	954.230 
2007 	5 	15 	19.0 	948.900 
2007 	5 	22 	22.0 	1527.730 
2007 	6 	9 	9.0 	723.920 
2007 	6 	14 	8.0 	726.760 
2007 	6 	15 	26.0 	705.480 
2007 	7 	16 	8.0 	540.210 
2007 	8 	14 	6.0 	443.460 
2007 	8 	15 	8.0 	419.730 
2007 	9 	17 	9.0 	294.890 
2007 	9 	18 	5.0 	318.100 
2007 	9 	27 	16.0 	580.950 
2007 	10 	15 	13.0 	397.850 
2007 	11 	14 	13.0 	207.220 
2007 	11 	15 	9.0 	212.010 
2007 	12 	10 	9.0 	192.110 
2007 	12 	16 	13.0 	155.600 
2008 	1 	14 	16.0 	131.520 
2008 	1 	15 	12.0 	132.360 
2008 	2 	14 	11.0 	113.860 
2008 	2 	17 	16.0 	110.640 
2008 	3 	13 	13.0 	96.960 
2008 	3 	16 	18.0 	96.560 
2008 	3 	20 	17.0 	97.270 
2008 	4 	2 	6.0 	91.320 
2008 	4 	14 	19.0 	91.760 
2008 	4 	16 	12.0 	91.020 
2008 	5 	5 	50.0 	405.090 
2008 	5 	6 	75.0 	531.110 
2008 	5 	7 	53.0 	735.440 
2008 	5 	8 	82.0 	1063.940 
2008 	5 	9 	77.0 	1356.720 
2008 	5 	10 	69.0 	1538.180 
2008 	5 	11 	70.0 	1684.630 
2008 	5 	12 	88.0 	1811.180 
2008 	5 	13 	77.0 	1875.250 
2008 	5 	14 	56.0 	1859.340 
2008 	5 	15 	47.0 	1778.530 
2008 	5 	16 	36.0 	1655.870 
2008 	5 	17 	31.0 	1509.090 
2008 	5 	18 	27.0 	1357.490 
2008 	5 	19 	21.0 	1216.330 
2008 	5 	20 	21.0 	1095.880 
2008 	5 	21 	19.0 	998.690 
2008 	5 	22 	18.0 	922.430 
2008 	5 	23 	18.0 	862.540 
2008 	5 	24 	16.0 	814.940 
2008 	5 	25 	18.0 	779.210 
2008 	5 	26 	16.0 	759.320 
2008 	5 	27 	17.0 	759.020 
2008 	5 	28 	16.0 	780.730 
2008 	5 	29 	16.0 	816.220 
2008 	5 	30 	14.0 	851.500 
2008 	5 	31 	14.0 	881.360 
2008 	6 	1 	15.0 	910.940 
2008 	6 	2 	16.0 	939.590 
2008 	6 	3 	15.0 	959.690 
2008 	6 	4 	14.0 	969.240 
2008 	6 	5 	18.0 	973.740 
2008 	6 	6 	14.0 	973.220 
2008 	6 	7 	14.0 	960.610 
2008 	6 	8 	16.0 	934.740 
2008 	6 	9 	13.0 	899.250 
2008 	6 	10 	13.0 	859.250 
2008 	6 	11 	13.0 	821.740 
2008 	6 	12 	14.0 	789.270 
2008 	6 	13 	14.0 	759.700 
2008 	6 	14 	12.0 	729.230 
2008 	6 	15 	11.0 	695.570 
2008 	6 	16 	12.0 	658.530 
2008 	6 	17 	11.0 	619.130 
2008 	6 	18 	12.0 	583.030 
2008 	7 	15 	10.0 	589.490 
2008 	8 	14 	8.0 	294.170 
2008 	8 	17 	35.0 	333.510 
2008 	8 	21 	11.0 	397.070 
2008 	9 	15 	11.0 	254.400 
2008 	9 	18 	17.0 	231.090 
2008 	9 	30 	24.0 	189.490 
2008 	10 	15 	12.0 	255.100 
2008 	11 	13 	12.0 	150.030 
2008 	11 	17 	18.0 	150.060 
2008 	12 	14 	14.0 	109.230 
2008 	12 	15 	9.0 	107.580 
2009 	1 	14 	18.0 	83.910 
2009 	1 	15 	9.0 	83.960 
2009 	2 	14 	17.0 	76.810 
2009 	2 	16 	9.0 	75.290 
2009 	3 	15 	17.0 	60.820 
2009 	3 	16 	10.0 	60.330 
2009 	3 	24 	26.0 	57.000 
2009 	4 	6 	8.0 	50.510 
2009 	4 	14 	18.0 	52.560 
2009 	4 	15 	13.0 	53.180 
2009 	4 	16 	12.0 	53.390 
2009 	4 	17 	12.0 	53.630 
2009 	4 	18 	12.0 	54.200 
2009 	4 	19 	10.0 	54.640 
2009 	4 	20 	11.0 	55.100 
2009 	4 	21 	13.0 	55.630 
2009 	4 	22 	13.0 	56.230 
2009 	4 	23 	14.0 	58.290 
2009 	4 	24 	18.0 	62.070 
2009 	4 	25 	18.0 	67.730 
2009 	4 	26 	19.0 	75.410 
2009 	4 	27 	14.0 	87.410 
2009 	4 	28 	22.0 	97.620 
2009 	4 	29 	22.0 	110.800 
2009 	4 	30 	22.0 	128.590 
2009 	5 	1 	31.0 	157.300 
2009 	5 	2 	29.0 	205.170 
2009 	5 	3 	37.0 	290.700 
2009 	5 	4 	69.0 	439.020 
2009 	5 	5 	165.0 	700.290 
2009 	5 	6 	123.0 	1069.980 
2009 	5 	7 	79.0 	1344.360 
2009 	5 	8 	75.0 	1428.590 
2009 	5 	9 	61.0 	1405.270 
2009 	5 	10 	53.0 	1330.690 
2009 	5 	11 	43.0 	1247.590 
2009 	5 	12 	39.0 	1178.930 
2009 	5 	13 	38.0 	1122.750 
2009 	5 	14 	37.0 	1065.710 
2009 	5 	15 	33.0 	1000.700 
2009 	5 	16 	31.0 	931.030 
2009 	5 	17 	29.0 	864.650 
2009 	5 	18 	28.0 	806.940 
2009 	5 	19 	27.0 	759.260 
2009 	5 	20 	27.0 	718.440 
2009 	5 	21 	26.0 	681.300 
2009 	5 	22 	25.0 	648.620 
2009 	5 	23 	24.0 	623.110 
2009 	5 	24 	22.0 	606.940 
2009 	5 	25 	21.0 	600.740 
2009 	5 	26 	21.0 	602.640 
2009 	5 	27 	19.0 	605.350 
2009 	5 	28 	33.0 	603.080 
2009 	5 	29 	20.0 	599.630 
2009 	5 	30 	24.0 	603.150 
2009 	5 	31 	17.0 	619.480 
2009 	6 	1 	27.0 	640.810 
2009 	6 	2 	16.0 	646.750 
2009 	6 	3 	15.0 	631.070 
2009 	6 	4 	16.0 	606.400 
2009 	6 	5 	19.0 	587.990 
2009 	6 	6 	17.0 	580.840 
2009 	6 	7 	17.0 	578.260 
2009 	6 	8 	17.0 	569.170 
2009 	6 	9 	16.0 	548.880 
2009 	6 	10 	12.0 	521.310 
2009 	6 	11 	12.0 	492.050 
2009 	6 	12 	11.0 	463.480 
2009 	6 	15 	18.0 	399.030 
2009 	7 	15 	7.0 	314.550 
2009 	8 	12 	12.0 	267.120 
2009 	8 	15 	38.0 	242.500 
2009 	8 	18 	9.0 	250.880 
2009 	8 	19 	23.0 	252.890 
2009 	9 	15 	11.0 	388.690 
2009 	9 	22 	39.0 	287.620 
2009 	10 	5 	10.0 	228.840 
2009 	10 	13 	50.0 	157.010 
2009 	10 	14 	24.0 	148.860 
2009 	10 	15 	10.0 	148.960 
2009 	11 	15 	11.0 	106.200 
2009 	11 	16 	7.0 	102.490 
2009 	12 	14 	13.0 	145.850 
2009 	12 	16 	14.0 	129.570 
2010 	1 	14 	8.0 	90.470 
2010 	2 	14 	23.0 	62.860 
2010 	2 	15 	9.0 	62.580 
2010 	3 	14 	21.0 	51.550 
2010 	3 	15 	8.0 	51.600 
2010 	3 	31 	25.0 	48.020 
2010 	4 	8 	8.0 	46.790 
2010 	4 	14 	21.0 	59.130 
2010 	4 	15 	11.0 	63.360 
2010 	5 	16 	31.0 	769.130 
2010 	5 	17 	59.0 	906.660 
2010 	5 	26 	25.0 	1746.400 
2010 	6 	9 	11.0 	621.060 
2010 	6 	15 	21.0 	416.250 
2010 	6 	20 	22.0 	347.040 
2010 	7 	14 	23.0 	421.070 
2010 	7 	15 	12.0 	415.580 
2010 	8 	15 	31.0 	376.370 
2010 	8 	16 	13.0 	364.190 
2010 	8 	18 	11.0 	342.120 
2010 	8 	23 	21.0 	285.260 
2010 	9 	15 	25.0 	198.200 
2010 	9 	20 	10.0 	228.020 
2010 	9 	27 	12.0 	336.980 
2010 	10 	5 	24.0 	271.780 
2010 	10 	13 	23.0 	210.450 
2010 	10 	18 	36.0 	184.520 
2010 	11 	14 	12.0 	136.300 
2010 	11 	15 	10.0 	138.870 
2010 	12 	14 	10.0 	111.900 
2011 	1 	12 	8.0 	83.110 
2011 	1 	16 	15.0 	81.240 
2011 	2 	14 	16.0 	65.580 
2011 	2 	16 	7.0 	66.130 
2011 	3 	14 	17.0 	56.530 
2011 	3 	17 	8.0 	56.930 
2011 	3 	23 	27.0 	56.880 
2011 	4 	4 	10.0 	53.110 
2011 	4 	11 	11.0 	57.270 
2011 	4 	12 	18.0 	59.020 
2011 	5 	16 	20.0 	440.560 
2011 	5 	17 	27.0 	437.100 
2011 	5 	24 	28.0 	523.310 
2011 	6 	5 	25.0 	600.010 
2011 	6 	14 	18.0 	649.230 
2011 	6 	15 	12.0 	694.410 
2011 	7 	13 	19.0 	405.830 
2011 	7 	17 	31.0 	404.480 
2011 	8 	15 	15.0 	259.220 
2011 	8 	17 	7.0 	249.450 
2011 	9 	14 	30.0 	524.350 
2011 	9 	15 	16.0 	608.430 
2011 	9 	26 	17.0 	834.410 
2011 	10 	4 	20.0 	938.470 
2011 	10 	13 	20.0 	1006.100 
2011 	10 	15 	17.0 	855.110 
2011 	11 	15 	14.0 	390.160 
2011 	11 	16 	11.0 	350.700 
2011 	12 	14 	13.0 	213.280 
2011 	12 	19 	11.0 	246.560 
2012 	1 	15 	14.0 	150.940 
2012 	1 	16 	10.0 	149.170 
2012 	2 	14 	17.0 	116.100 
2012 	2 	16 	12.0 	114.290 
2012 	3 	15 	17.0 	94.920 
2012 	3 	18 	22.0 	95.340 
2012 	3 	21 	16.0 	93.860 
2012 	3 	26 	9.0 	93.360 
2012 	4 	15 	20.0 	99.070 
2012 	4 	16 	16.0 	98.340 
2012 	5 	14 	89.0 	975.930 
2012 	6 	4 	24.0 	1049.750 
2012 	6 	13 	14.0 	691.030 
2012 	6 	14 	17.0 	675.090 
2012 	7 	12 	29.0 	563.580 
2012 	7 	16 	12.0 	555.690 
2012 	8 	14 	18.0 	398.370 
2012 	8 	15 	8.0 	385.930 
2012 	8 	17 	21.0 	356.600 
2012 	8 	20 	12.0 	317.560 
2012 	9 	14 	24.0 	425.900 
2012 	9 	17 	11.0 	450.040 
2012 	9 	18 	24.0 	476.260 
2012 	9 	25 	14.0 	642.230 
2012 	10 	14 	27.0 	939.610 
2012 	10 	15 	14.0 	872.000 
2012 	11 	13 	14.0 	273.490 
2012 	11 	15 	14.0 	289.520 
2012 	12 	15 	15.0 	170.920 
2012 	12 	17 	10.0 	159.770 
2013 	1 	13 	19.0 	128.740 
2013 	1 	15 	12.0 	126.920 
2013 	2 	13 	10.0 	107.720 
2013 	2 	14 	24.0 	108.190 
2013 	3 	10 	24.0 	89.470 
2013 	3 	11 	8.0 	88.770 
2013 	3 	14 	11.0 	87.520 
2013 	3 	26 	21.0 	79.060 
2013 	4 	11 	24.0 	75.670 
2013 	4 	15 	11.0 	77.950 
2013 	5 	14 	25.0 	895.000 
2013 	5 	15 	30.0 	913.690 
2013 	5 	28 	28.0 	1371.380 
2013 	6 	4 	14.0 	811.110 
2013 	6 	9 	23.0 	788.090 
2013 	6 	18 	11.0 	612.490 
2013 	7 	14 	24.0 	498.000 
2013 	7 	15 	11.0 	473.700 
2013 	8 	13 	25.0 	313.240 
2013 	8 	14 	9.0 	305.330 
2013 	8 	19 	25.0 	269.350 
2013 	8 	20 	16.0 	266.820 
2013 	9 	13 	24.0 	188.590 
2013 	9 	16 	9.0 	179.690 
2013 	9 	23 	15.0 	178.260 
2013 	10 	1 	24.0 	660.670 
2013 	10 	13 	29.0 	400.020 
2013 	10 	14 	22.0 	419.520 
2013 	11 	13 	11.0 	216.650 
2013 	11 	15 	12.0 	189.200 
2013 	12 	16 	9.0 	139.220 
2014 	1 	14 	13.0 	142.830 
2014 	1 	15 	10.0 	138.940 
2014 	2 	17 	10.9 	100.670 
2014 	3 	12 	20.7 	116.700 
2014 	3 	17 	10.7 	117.120 
2014 	4 	14 	14.2 	88.640 
2014 	5 	13 	16.0 	432.090 
2014 	5 	19 	20.0 	602.300 
2014 	5 	27 	24.7 	1267.140 
2014 	6 	2 	12.8 	893.260 
2014 	6 	16 	17.7 	957.990 
2014 	6 	17 	44.0 	932.240 
2014 	7 	15 	10.9 	400.820 
2014 	8 	11 	10.5 	373.860 
2014 	8 	12 	20.3 	366.760 
2014 	8 	13 	10.1 	357.970 
2014 	8 	18 	29.5 	453.190 
2014 	9 	15 	9.4 	217.130 
2014 	9 	16 	16.7 	214.000 
2014 	10 	15 	12.3 	204.010 
2014 	10 	20 	19.2 	166.490 
2014 	11 	13 	12.0 	115.330 
2014 	11 	17 	16.6 	117.510 
2014 	12 	15 	8.9 	110.380 
2015 	1 	14 	8.4 	88.190 
2015 	2 	16 	9.1 	74.940 
2015 	3 	16 	10.2 	73.740 
2015 	3 	17 	18.8 	73.650 
2015 	3 	23 	8.9 	74.920 
2015 	4 	15 	15.1 	107.710 
2015 	5 	18 	36.8 	1506.130 
2015 	6 	8 	14.5 	1255.930 
2015 	6 	10 	20.9 	1093.770 
2015 	6 	15 	16.0 	688.340 
2015 	6 	16 	34.3 	637.460 
2015 	7 	15 	22.4 	713.990 
2015 	7 	16 	15.8 	685.270 
2015 	8 	17 	10.6 	505.740 
2015 	8 	18 	13.2 	481.320 
2015 	9 	14 	18.0 	292.610 
2015 	9 	15 	8.8 	280.600 
2015 	9 	28 	13.4 	696.260 
2015 	9 	29 	25.8 	695.230 
2015 	10 	14 	10.2 	357.890 
2015 	11 	16 	13.7 	274.070 
2015 	12 	15 	12.3 	159.880 
2016 	1 	13 	11.6 	121.550 
2016 	1 	17 	23.4 	118.450 
2016 	2 	15 	9.1 	97.390 
2016 	3 	9 	22.2 	86.340 
2016 	3 	15 	12.6 	82.140 
2016 	3 	16 	20.2 	83.860 
2016 	3 	30 	9.7 	88.720 
2016 	4 	13 	21.0 	114.300 
2016 	4 	18 	21.2 	134.670 
2016 	5 	17 	26.8 	1496.480 
2016 	5 	31 	22.0 	746.210 
2016 	6 	15 	14.6 	502.480 
2016 	7 	13 	21.8 	1107.810 
2016 	7 	19 	24.9 	685.380 
2016 	8 	15 	12.3 	700.920 
2016 	8 	17 	23.6 	730.450 
2016 	9 	15 	13.2 	480.620 
2016 	9 	18 	17.6 	494.620 
2016 	9 	19 	18.1 	487.210 
2016 	9 	26 	23.2 	386.370 
2016 	10 	17 	12.9 	325.890 
2016 	11 	15 	11.4 	103.120 
2016 	12 	15 	11.9 	123.250 
2017 	1 	16 	16.6 	117.930 
2017 	1 	18 	9.6 	115.130 
2017 	2 	15 	10.8 	102.950 
2017 	3 	14 	21.4 	90.170 
2017 	3 	15 	14.7 	89.980 
2017 	3 	21 	19.9 	89.070 
2017 	3 	29 	12.7 	85.570 
2017 	4 	18 	21.6 	84.950 
2017 	4 	25 	12.2 	89.360 
2017 	5 	15 	25.1 	280.300 
2017 	5 	23 	61.4 	1109.940 
2017 	5 	29 	31.6 	1587.720 
2017 	6 	14 	22.0 	646.090 
2017 	6 	15 	16.3 	674.420 
2017 	6 	19 	15.9 	754.940 
2017 	7 	17 	22.0 	636.500 
2017 	7 	19 	17.5 	973.540 
2017 	8 	10 	13.3 	617.250 
2017 	8 	15 	8.7 	576.860 
2017 	8 	16 	19.2 	558.130 
2017 	9 	14 	10.8 	496.920 
2017 	9 	18 	14.9 	750.700 
2017 	9 	21 	16.1 	719.370 
2017 	9 	26 	23.8 	519.240 
2017 	10 	16 	15.0 	426.590 
2017 	10 	17 	16.0 	429.030 
2017 	11 	14 	13.3 	238.030 
2017 	11 	16 	8.8 	226.680 
2017 	12 	13 	9.4 	168.610 
2017 	12 	19 	22.8 	171.980 
2018 	1 	14 	17.6 	134.860 
2018 	1 	16 	10.4 	131.860 
2018 	2 	13 	12.3 	109.410 
2018 	2 	18 	19.0 	103.140 
2018 	3 	14 	14.8 	88.730 
2018 	3 	18 	20.7 	86.110 
2018 	3 	20 	24.8 	85.620 
2018 	4 	9 	11.8 	75.380 
2018 	4 	15 	127.0 	72.380 
2018 	4 	17 	15.1 	74.880 
2018 	5 	15 	29.0 	2122.930 
2018 	5 	16 	67.4 	2087.270 
2018 	5 	29 	18.7 	722.740 
2018 	6 	5 	19.2 	450.080 
2018 	6 	14 	10.6 	312.810 
2018 	6 	17 	32.1 	273.100 
2018 	7 	12 	9.8 	299.180 
2018 	7 	16 	17.1 	289.180 
2018 	8 	13 	19.6 	217.310 
2018 	8 	15 	36.9 	209.720 
2018 	8 	20 	21.9 	220.320 
2018 	9 	16 	29.1 	176.310 
2018 	9 	19 	8.0 	179.490 
2018 	9 	20 	27.4 	185.090 
2018 	10 	14 	28.5 	223.340 
2018 	10 	18 	9.2 	220.510 
2018 	11 	14 	10.3 	202.490 
2018 	11 	18 	13.6 	224.770 
2018 	12 	7 	14.5 	145.880 
2018 	12 	13 	9.0 	113.680 