Year	Month	Day	Conc_μg_l	Q_m3_s
2007 	1 	16 	26.0 	239.091 
2007 	2 	15 	12.0 	85.427 
2007 	3 	14 	14.0 	99.454 
2007 	4 	17 	16.0 	36.005 
2007 	5 	14 	11.0 	38.582 
2007 	6 	13 	16.0 	20.796 
2007 	7 	17 	13.0 	89.385 
2007 	8 	14 	13.0 	63.603 
2007 	10 	16 	19.0 	52.752 
2007 	11 	13 	12.0 	54.859 
2007 	12 	19 	16.0 	70.732 
2008 	1 	16 	67.0 	134.718 
2008 	2 	12 	15.0 	128.558 
2008 	3 	18 	22.0 	135.354 
2008 	4 	14 	16.0 	82.096 
2008 	5 	13 	11.0 	25.554 
2008 	6 	17 	25.0 	14.394 
2008 	7 	8 	15.0 	16.872 
2008 	8 	19 	23.0 	60.817 
2008 	9 	16 	20.0 	73.037 
2008 	10 	14 	20.0 	68.835 
2008 	11 	18 	22.0 	190.226 
2008 	12 	16 	13.0 	83.149 
2009 	1 	15 	22.0 	80.648 
2009 	2 	18 	13.0 	34.828 
2009 	3 	17 	16.0 	45.784 
2009 	4 	14 	12.0 	41.006 
2009 	5 	12 	15.0 	28.285 
2009 	6 	16 	16.0 	30.958 
2009 	7 	21 	17.0 	27.441 
2009 	8 	18 	21.0 	30.424 
2009 	9 	14 	22.0 	43.892 
2009 	10 	13 	15.0 	51.444 
2009 	11 	17 	21.0 	56.379 
2009 	12 	14 	14.0 	80.193 
2010 	1 	13 	13.0 	37.550 
2010 	2 	17 	10.0 	28.297 
2010 	3 	16 	13.0 	31.605 
2010 	4 	14 	15.0 	68.514 
2010 	5 	18 	14.0 	36.143 
2010 	6 	8 	13.0 	22.184 
2010 	7 	12 	15.0 	17.844 
2010 	8 	17 	29.0 	59.103 
2010 	9 	14 	27.0 	47.107 
2010 	10 	18 	14.0 	40.273 
2010 	11 	15 	38.0 	122.704 
2010 	12 	14 	11.0 	46.799 
2011 	1 	18 	44.0 	91.215 
2011 	2 	14 	15.0 	93.788 
2011 	3 	17 	15.0 	55.749 
2011 	4 	13 	17.0 	112.041 
2011 	5 	17 	13.0 	25.664 
2011 	6 	15 	19.0 	32.923 
2011 	7 	12 	15.0 	25.086 
2011 	8 	16 	48.0 	60.484 
2011 	9 	14 	24.0 	114.123 
2011 	10 	13 	24.0 	96.839 
2011 	11 	14 	17.0 	47.975 
2011 	12 	14 	36.0 	280.580 
2012 	1 	17 	35.0 	180.452 
2012 	2 	13 	12.0 	52.135 
2012 	3 	13 	14.0 	58.606 
2012 	4 	18 	15.0 	48.089 
2012 	5 	15 	16.0 	67.293 
2012 	6 	13 	17.0 	32.607 
2012 	7 	10 	27.0 	57.059 
2012 	8 	13 	16.0 	33.386 
2012 	9 	18 	22.0 	57.673 
2012 	10 	16 	20.0 	122.409 
2012 	11 	14 	35.0 	102.275 
2012 	12 	13 	14.0 	50.002 
2013 	1 	13 	14.0 	104.260 
2013 	2 	13 	12.0 	42.955 
2013 	3 	13 	20.0 	34.291 
2013 	4 	18 	24.0 	32.278 
2013 	5 	16 	15.0 	25.117 
2013 	6 	19 	18.0 	22.164 
2013 	7 	4 	25.0 	35.665 
2013 	8 	13 	21.0 	15.953 
2013 	9 	17 	16.0 	16.276 
2013 	10 	14 	13.0 	13.384 
2013 	11 	13 	40.0 	89.308 
2013 	12 	17 	20.0 	85.096 
2014 	1 	14 	24.0 	190.430 
2014 	2 	18 	23.0 	106.282 
2014 	3 	13 	11.6 	50.069 
2014 	4 	14 	14.5 	49.385 
2014 	5 	14 	28.8 	45.759 
2014 	6 	17 	23.3 	19.215 
2014 	7 	14 	26.2 	29.930 
2014 	8 	6 	19.1 	26.573 
2014 	9 	22 	19.8 	28.785 
2014 	10 	16 	25.1 	44.649 
2014 	11 	13 	26.8 	62.104 
2014 	12 	17 	23.4 	143.122 
2015 	1 	15 	27.5 	159.574 
2015 	2 	17 	11.8 	54.956 
2015 	3 	11 	11.5 	74.430 
2015 	4 	14 	31.5 	39.789 
2015 	5 	12 	12.1 	36.779 
2015 	6 	9 	18.0 	57.771 
2015 	7 	14 	17.1 	29.637 
2015 	8 	11 	27.4 	22.931 
2015 	9 	16 	35.9 	35.580 
2015 	10 	12 	13.6 	21.093 
2015 	11 	19 	50.4 	68.339 
2015 	12 	15 	17.6 	120.936 
2016 	1 	12 	16.3 	64.915 
2016 	2 	15 	14.1 	159.043 
2016 	3 	16 	11.6 	57.021 
2016 	4 	19 	18.3 	80.330 
2016 	5 	16 	12.8 	28.666 
2016 	6 	13 	12.1 	12.773 
2016 	7 	14 	18.7 	30.930 
2016 	8 	15 	26.3 	26.312 
2016 	9 	14 	12.6 	15.186 
2016 	10 	19 	10.1 	13.679 
2016 	11 	16 	61.9 	37.479 
2016 	12 	15 	13.6 	40.684 
2017 	1 	17 	11.6 	48.413 
2017 	2 	13 	9.5 	26.728 
2017 	3 	17 	9.8 	50.642 
2017 	4 	19 	12.0 	33.120 
2017 	5 	16 	10.8 	21.686 
2017 	6 	13 	34.5 	75.435 
2017 	7 	12 	14.4 	16.098 
2017 	8 	16 	11.7 	17.711 
2017 	9 	14 	28.6 	85.742 
2017 	10 	11 	20.5 	61.625 
2017 	11 	20 	16.6 	83.068 
2017 	12 	13 	18.6 	141.120 
2018 	1 	15 	13.8 	97.452 
2018 	2 	14 	13.6 	81.154 
2018 	3 	13 	56.7 	50.407 
2018 	4 	17 	16.4 	54.700 
2018 	5 	14 	13.1 	29.850 
2018 	6 	14 	12.2 	12.108 
2018 	7 	10 	8.3 	9.673 
2018 	8 	14 	27.9 	7.326 
2018 	9 	11 	17.6 	17.348 
2018 	10 	16 	13.7 	26.817 
2018 	11 	18 	14.4 	30.661 
2018 	12 	12 	17.3 	80.691 