Year    Month   Day     Conc_mg/l Q_cfs     
2008      1         4         0.0442    50500     
2008      1         14        0.0537    110000    
2008      1         16        0.0382    82000     
2008      2         6         0.0671    66500     
2008      2         9         0.156     203000    
2008      2         21        0.0461    97800     
2008      3         6         0.096     311000    
2008      3         9         0.142     217000    
2008      3         19        0.035     94500     
2008      3         24        0.0981    122000    
2008      4         3         0.0324    75500     
2008      5         6         0.0368    55900     
2008      6         2         0.029     26500     
2008      7         1         0.0317    11500     
2008      8         5         0.0294    12000     
2008      9         10        0.0326    8930      
2008      10        8         0.0367    10400     
2008      11        13        0.0365    15900     
2008      12        2         0.0317    28600     
2008      12        13        0.0926    79900     
2009      1         1         0.0603    90200     
2009      1         8         0.0319    54000     
2009      1         22        0.0251    22300     
2009      2         5         0.0247    25200     
2009      2         17        0.0466    78400     
2009      3         4         0.0224    39000     
2009      3         12        0.0389    130000    
2009      3         18        0.0431    47500     
2009      4         6         0.0418    65700     
2009      4         9         0.0431    56500     
2009      5         15        0.043     32900     
2009      6         3         0.0694    33300     
2009      7         8         0.0362    24200     
2009      8         5         0.0469    33800     
2009      9         2         0.0427    31000     
2009      10        7         0.0357    15800     
2009      10        27        0.0638    79700     
2009      11        4         0.0538    49900     
2009      12        2         0.0335    27900     
2009      12        28        0.0463    81500     
2010      1         7         0.0223    22300     
2010      1         22        0.0338    54300     
2010      1         26        0.0615    173000    
2010      1         27        0.39      288000    
2010      2         4         0.0457    50400     
2010      3         3         0.0261    27000     
2010      3         15        0.098     227000    
2010      3         17        0.108     188000    
2010      4         7         0.0371    58700     
2010      5         5         0.0263    39400     
2010      6         3         0.0335    19100     
2010      7         6         0.0334    9350      
2010      7         15        0.033     22500     
2010      8         3         0.0324    7540      
2010      9         1         0.0333    17100     
2010      10        3         0.124     101000    
2010      10        6         0.0727    61100     
2010      11        3         0.0351    24000     
2010      12        3         0.281     262000    
2010      12        7         0.0892    94100     
2011      1         6         0.0201    15300     
2011      1         19        0.0196    8110      
2011      2         3         0.0173    22400     
2011      2         17        0.033     26300     
2011      3         2         0.0427    115000    
2011      3         8         0.164     270000    
2011      3         12        0.872     414000    
2011      3         16        0.0845    164000    
2011      4         6         0.0287    71300     
2011      4         18        0.226     251000    
2011      4         30        0.288     318000    
2011      5         3         0.0792    144000    
2011      5         20        0.064     123000    
2011      6         2         0.0605    78800     
2011      7         6         0.0339    20200     
2011      8         3         0.0261    6120      
2011      8         30        0.0936    68700     
2011      8         31        0.0967    68100        
2011      9         10        0.727     493000    
2011      9         11        0.883     356000    
2011      9         12        0.354     227000    
2011      9         14        0.112     130000    
2011      9         21        0.0556    36000     
2011      9         29        0.148     188000    
2011      10        4         0.0774    125000    
2011      11        2         0.0379    64700     
2011      12        6         0.0288    52900     
2011      12        9         0.0749    126000    
2012      1         5         0.0184    55800     
2012      1         18        0.0266    63100     
2012      2         1         0.0375    84400     
2012      2         22        0.0163    25900     
2012      3         7         0.0221    64600     
2012      3         21        0.0232    43500     
2012      4         3         0.0365    31500     
2012      5         9         0.0315    51100     
2012      5         18        0.0605    81200     
2012      6         5         0.105     53000     
2012      7         2         0.0418    12600     
2012      8         7         0.0408    6170      
2012      9         6         0.0362    7310      
2012      9         20        0.0368    28100     
2012      10        2         0.0615    27400     
2012      10        31        0.239     97800     
2012      11        1         0.207     109000    
2012      11        2         0.143     104000    
2012      12        6         0.0239    12700     
2013      1         3         0.0303    40900     
2013      1         15        0.0244    64400     
2013      1         17        0.0534    106000    
2013      2         1         0.229     135000    
2013      2         5         0.0945    90400     
2013      2         20        0.0283    33500     
2013      3         5         0.0349    31100     
2013      3         14        0.0414    64400     
2013      3         19        0.0433    57100     
2013      4         2         0.0233    37700     
2013      4         15        0.0351    86300     
2013      4         17        0.0419    79600     
2013      5         1         0.0289    34300     
2013      5         13        0.033     52100     
2013      5         15        0.0438    43000     
2013      6         6         0.0317    19700     
2013      7         2         0.0604    59500     
2013      8         1         0.0497    16700     
2013      8         14        0.0553    47100     
2013      9         5         0.0325    8260      
2013      10        23        0.0936    12800     
2013      11        6         0.0427    17800     
2013      12        2         0.0516    49300     
2013      12        4         0.0378    30600     
2013      12        12        0.0482    42800     
2014      1         6         0.0399    39200     
2014      1         13        0.0878    51600     
2014      1         23        0.0388    34300     
2014      2         6         0.0306    29200     
2014      2         19        0.0236    14200     
2014      2         25        0.156     56900     
2014      3         5         0.0301    28500     
2014      3         19        0.059     67700     
2014      4         1         0.205     156000    
2014      4         2         0.104     134000    
2014      4         17        0.0463    127000    
2014      5         1         0.116     82800     
2014      5         7         0.0405    58400     
2014      5         18        0.172     171000    
2014      5         19        0.106     173000    
2014      5         20        0.0655    135000    
2014      5         21        0.0852    107000    
2014      6         3         0.0341    34600     
2014      7         1         0.0439    24800     
2014      8         5         0.0394    20100     
2014      9         3         0.029     12900     
2014      10        9         0.0321    4560      
2014      11        4         0.0434    9030      
2014      12        4         0.0254    25900     
2015      1         8         0.0216    41800     
2015      1         22        0.0197    20400     
2015      2         5         0.0251    22500     
2015      2         19        0.0203    12400     
2015      3         2         0.0245    18100     
2015      3         13        0.196     64600     
2015      3         16        0.162     75800     
2015      3         18        0.0734    81300     
2015      4         1         0.0287    43900     
2015      4         6         0.0368    119000    
2015      4         7         0.0532    127000    
2015      4         8         0.0643    98500     
2015      4         9         0.075     97900     
2015      4         13        0.121     155000    
2015      4         14        0.118     119000    
2015      4         22        0.0478    108000    
2015      4         23        0.0475    109000    
2015      4         24        0.077     107000    
2015      4         25        0.0616    83300     
2015      5         5         0.0294    31900     
2015      5         21        0.0359    29000     
2015      6         3         0.0486    19800     
2015      7         1         0.0769    79200     
2015      8         5         0.0276    15000     
2015      9         1         0.0395    9020      
2015      10        5         0.0739    29900     
2015      10        7         0.0629    18200     
2015      11        3         0.0723    27200     
2015      12        3         0.0289    15800     
2016      1         6         0.0309    47100     
2016      1         20        0.0378    32000     
2016      2         4         0.0424    71300     
2016      2         17        0.0335    58100     
2016      2         20        0.097     80500     
2016      2         26        0.265     149000    
2016      2         28        0.131     145000    
2016      2         29        0.171     113000    
2016      3         2         0.0802    76000     
2016      3         9         0.0321    39400     
2016      3         23        0.0281    38500     
2016      4         6         0.0441    35700     
2016      4         21        0.0353    32900     
2016      5         6         0.0471    59900     
2016      5         18        0.0436    32000     
2016      6         2         0.0371    16900     
2016      7         6         0.0343    11800     
2016      8         3         0.0356    14700     
2016      9         8         0.035     5860      
2016      10        5         0.0453    13200     
2016      10        25        0.0425    46000     
2016      11        1         0.0707    27100     
2016      12        5         0.0268    30300     
2017      1         9         0.027     44800     
2017      1         26        0.0455    72300     
2017      2         8         0.0212    29600     
2017      2         14        0.0308    66300     
2017      2         22        0.0235    44800     
2017      3         2         0.0471    75300     
2017      3         8         0.0367    37600     
2017      3         22        0.0217    52800     
2017      3         30        0.0358    98400     
2017      4         1         0.0475    105000    
2017      4         3         0.09      163000    
2017      4         4         0.0821    141000    
2017      4         5         0.065     122000    
2017      4         8         0.11      175000    
2017      4         9         0.107     169000    
2017      4         19        0.0381    45000     
2017      4         24        0.0506    105000    
2017      5         3         0.0373    62200     
2017      5         8         0.1       178000    
2017      5         10        0.058     128000    
2017      5         17        0.0384    53100     
2017      6         6         0.0365    45500     
2017      7         12        0.0411    15400     
2017      7         26        0.0618    96200     
2017      7         31        0.155     38300     
2017      8         2         0.115     23300     
2017      8         10        0.0496    29300     
2017      9         13        0.0371    10600     
2017      10        12        0.0349    10500     
2017      11        1         0.057     80600     
2017      11        15        0.0368    29000     
2017      12        14        0.0267    15800     
2018      1         3         0.0187    7560      
2018      1         15        0.039     99000     
2018      1         16        0.0946    82700     
2018      1         26        0.152     112000    
2018      2         6         0.0264    35100     
2018      2         18        0.111     165000    
2018      2         19        0.122     151000    
2018      2         22        0.058     100000    
2018      2         27        0.128     201000    
2018      3         4         0.0856    169000    
2018      3         8         0.0354    73500     
2018      3         23        0.022     31400     
2018      4         4         0.0258    85300     
2018      4         19        0.0926    133000    
2018      5         9         0.0245    43600     
2018      5         16        0.0533    93300     
2018      5         21        0.0856    99900     
2018      6         11        0.0493    30600     
2018      7         16        0.0335    13700     
2018      7         26        0.26      353000    
2018      7         27        0.271     306000    
2018      7         28        0.152     172000    
2018      7         31        0.0887    65400     
2018      8         6         0.0925    104000    
2018      8         8         0.0653    69700     
2018      8         16        0.177     218000    
2018      8         17        0.382     176000    
2018      9         10        0.0619    71800     
2018      9         12        0.178     249000    
2018      9         13        0.178     230000    
2018      9         20        0.0668    170000    
2018      10        10        0.0523    59100     
2018      11        7         0.0711    117000    
2018      11        29        0.103     178000    
2018      12        6         0.0372    112000    