Year      Month     Day       Conc_mg/l Q_cfs     
2008      1         8         0.14      245       
2008      1         23        0.082     28        
2008      2         5         0.087     67        
2008      2         19        0.078     23        
2008      3         4         0.092     20        
2008      3         18        0.2       127       
2008      4         8         0.071     29        
2008      4         22        0.084     51        
2008      5         6         0.098     14        
2008      5         13        0.1       13        
2008      5         20        0.25      35        
2008      5         28        0.13      19        
2008      6         3         0.47      123       
2008      6         10        0.13      12        
2008      6         17        0.14      7         
2008      6         24        0.13      5         
2008      7         1         0.13      9         
2008      7         8         0.15      6         
2008      7         15        0.17      4         
2008      7         22        0.16      4         
2008      7         29        0.15      4         
2008      8         5         0.15      4         
2008      8         12        0.16      4         
2008      8         19        0.16      11        
2008      8         26        0.16      10        
2008      9         3         0.13      5         
2008      9         9         0.15      3         
2008      9         16        0.18      3         
2008      9         23        0.14      8         
2008      9         30        0.14      3         
2008      10        7         0.16      22        
2008      10        21        0.17      11        
2008      10        22        0.144     6         
2008      10        28        0.12      3         
2008      11        4         0.34      181       
2008      11        5         0.157     32        
2008      11        11        0.15      59        
2008      11        19        0.127     10        
2008      11        25        0.13      15        
2008      12        3         0.129     17        
2008      12        9         0.11      10        
2009      1         6         0.11      98        
2009      1         7         0.132     138       
2009      1         21        0.0869    18        
2009      2         3         0.084     13        
2009      2         5         0.0736    12        
2009      2         12        0.089     18        
2009      2         18        0.071     12        
2009      3         3         0.16      65        
2009      3         4         0.0978    28        
2009      3         17        0.12      70        
2009      3         18        0.0898    43        
2009      4         7         0.075     18        
2009      4         8         0.0853    17        
2009      4         21        0.1       14        
2009      4         22        0.0997    13        
2009      5         5         0.32      331       
2009      5         6         0.189     149       
2009      5         12        0.13      23        
2009      5         19        0.24      56        
2009      5         20        0.119     23        
2009      5         27        0.13      10        
2009      6         2         0.15      7         
2009      6         3         0.148     7         
2009      6         9         0.16      8         
2009      6         16        0.15      7         
2009      6         17        0.148     6         
2009      6         23        0.16      7         
2009      6         30        0.16      4         
2009      7         7         0.15      4         
2009      7         8         0.156     3         
2009      7         14        0.15      7         
2009      7         21        0.16      3         
2009      7         22        0.167     3         
2009      7         28        0.18      3         
2009      8         4         0.17      2         
2009      8         5         0.169     3         
2009      8         11        0.15      4         
2009      8         18        0.15      4         
2009      8         19        0.149     3         
2009      8         25        0.16      4         
2009      9         1         0.12      3         
2009      9         3         0.128     3         
2009      9         9         0.12      6         
2009      9         15        0.14      3         
2009      9         16        0.14      2         
2009      9         22        0.13      3         
2009      9         29        0.13      2         
2009      10        6         0.14      4         
2009      10        15        0.13      12        
2009      10        20        0.12      5         
2009      10        28        0.14      16        
2009      11        3         0.13      8         
2009      11        17        0.21      90        
2009      12        8         0.1       9         
2009      12        15        0.44      280       
2010      1         5         0.11      96        
2010      1         20        0.095     54        
2010      2         2         0.096     47        
2010      2         17        0.1       40        
2010      3         2         0.087     32        
2010      3         16        0.088     30        
2010      4         6         0.086     85        
2010      4         20        0.092     19        
2010      5         4         0.094     21        
2010      5         11        0.12      19        
2010      5         18        0.14      21        
2010      5         25        0.12      37        
2010      6         2         0.23      189       
2010      6         8         0.16      82        
2010      6         15        0.13      57        
2010      6         23        0.12      15        
2010      6         29        0.13      9         
2010      7         7         0.12      9         
2010      7         13        0.12      6         
2010      7         20        0.12      5         
2010      7         27        0.13      5         
2010      8         3         0.12      5         
2010      8         11        0.13      5         
2010      8         17        0.13      4         
2010      8         24        0.14      4         
2010      8         31        0.12      3         
2010      9         8         0.34      62        
2010      9         21        0.15      13        
2010      9         28        0.15      6         
2010      10        5         0.14      4         
2010      10        12        0.12      10        
2010      10        19        0.13      4         
2010      10        21        0.122     4         
2010      10        26        0.15      66        
2010      11        2         0.19      117       
2010      11        3         0.12      27        
2010      11        16        0.12      20        
2010      11        17        0.119     92        
2010      12        1         0.13      120       
2010      12        8         0.185     148       
2010      12        14        0.21      254       
2010      12        20        0.177     155       
2011      1         6         0.0895    51        
2011      1         19        0.16      157       
2011      1         20        0.114     77        
2011      2         2         0.1       19        
2011      2         10        0.0893    16        
2011      2         16        0.17      181       
2011      2         24        0.077     41        
2011      3         2         0.16      251       
2011      3         10        0.57      455       
2011      3         16        0.17      240       
2011      3         24        0.122     79        
2011      4         6         0.105     71        
2011      4         20        0.085     50        
2011      4         21        0.082     48        
2011      5         3         0.084     21        
2011      5         5         0.0836    20        
2011      5         10        0.087     23        
2011      5         17        0.12      33        
2011      5         19        0.111     22        
2011      5         24        0.1       18        
2011      6         1         0.24      94        
2011      6         7         0.13      18        
2011      6         8         0.134     14        
2011      6         14        0.14      12        
2011      6         21        0.14      11        
2011      6         23        0.132     8         
2011      6         28        0.24      33        
2011      7         6         0.14      9         
2011      7         12        0.15      19        
2011      7         19        0.14      15        
2011      7         20        0.141     12        
2011      7         26        0.14      7         
2011      8         2         0.14      4         
2011      8         9         0.13      4         
2011      8         16        0.14      4         
2011      8         23        0.14      4         
2011      8         25        0.138     4         
2011      8         30        0.13      3         
2011      9         7         0.135     2         
2011      9         13        0.13      2         
2011      9         20        0.14      5         
2011      9         21        0.128     4         
2011      9         28        0.13      9         
2011      10        4         0.16      31        
2011      10        11        0.16      61        
2011      10        19        0.12      4         
2011      10        25        0.14      6         
2011      11        1         0.12      9         
2011      11        8         0.11      7         
2011      11        22        0.44      587       
2011      12        6         0.11      16        
2011      12        20        0.093     11        
2012      1         4         0.093     33        
2012      1         24        0.13      242       
2012      2         8         0.093     30        
2012      2         21        0.11      65        
2012      3         6         0.1       53        
2012      3         20        0.097     102       
2012      4         11        0.4       79        
2012      4         25        0.1       26        
2012      5         9         0.099     22        
2012      5         23        0.13      44        
2012      6         13        0.13      18        
2012      6         19        0.14      10        
2012      7         11        0.14      5         
2012      7         26        0.13      5         
2012      8         8         0.13      3         
2012      8         23        0.13      2         
2012      9         4         0.11      2         
2012      9         26        0.11      2         
2012      10        3         0.11      2         
2012      10        9         0.12      3         
2012      10        17        0.14      21        
2012      10        24        0.11      39        
2012      11        6         0.13      20        
2012      11        7         0.13      19        
2012      11        14        0.12      22        
2012      11        20        0.33      811       
2012      12        5         0.18      413       
2012      12        13        0.1       37        
2012      12        19        0.1       153       
2013      1         8         0.067     38        
2013      1         9         0.092     48        
2013      1         29        0.16      127       
2013      1         30        0.11      56        
2013      2         12        0.091     19        
2013      2         13        0.08      17        
2013      2         26        0.081     22        
2013      2         27        0.072     18        
2013      3         6         0.13      82        
2013      3         12        0.082     17        
2013      3         18        0.079     13        
2013      3         27        0.078     17        
2013      4         3         0.088     11        
2013      4         8         0.11      42        
2013      4         23        0.1       13        
2013      4         24        0.093     12        
2013      5         8         0.11      11        
2013      5         23        0.24      417       
2013      6         3         0.12      14        
2013      6         12        0.13      8         
2013      6         19        0.13      8         
2013      6         25        0.12      18        
2013      7         8         0.13      2         
2013      7         17        0.12      2         
2013      7         23        0.13      3         
2013      7         25        0.13      3         
2013      8         5         0.13      2         
2013      8         14        0.12      3         
2013      8         21        0.14      3         
2013      8         28        0.13      11        
2013      9         5         0.14      37        
2013      9         9         0.14      8         
2013      9         23        0.14      33        
2013      9         25        0.15      45        
2013      10        2         0.12      66        
2013      10        22        0.14      6         
2013      10        24        0.11      6         
2013      10        30        0.1       6         
2013      11        7         0.24      136       
2013      11        13        0.12      16        
2013      11        19        0.27      112       
2013      12        4         0.1       16        
2013      12        5         0.091     13        
2014      1         9         0.15      84        
2014      1         27        0.084     12        
2014      2         12        0.31      267       
2014      2         27        0.092     38        
2014      3         13        0.089     47        
2014      3         27        0.15      94        
2014      4         9         0.14      81        
2014      4         24        0.29      198       
2014      5         12        0.1       22        
2014      5         22        0.13      14        
2014      6         2         0.14      8         
2014      6         19        0.11      7         
2014      7         10        0.17      5         
2014      7         24        0.15      31        
2014      8         6         0.17      2         
2014      8         21        0.15      2         
2014      9         10        0.14      2         
2014      9         24        0.38      61        
2014      10        8         0.15      2         
2014      10        23        0.25      381       
2014      11        6         0.13      43        
2014      11        14        0.14      25        
2014      11        18        0.092     9         
2014      11        20        0.098     13        
2014      12        4         0.25      205       
2014      12        18        0.093     23        
2015      1         8         0.077     15        
2015      1         29        0.086     20        
2015      2         11        0.12      73        
2015      2         26        0.069     15        
2015      3         12        0.069     13        
2015      3         26        0.1       47        
2015      4         7         0.075     23        
2015      4         13        0.0989    26        
2015      4         20        0.093     12        
2015      4         27        0.103     12        
2015      5         4         0.1       7         
2015      5         11        0.11      9         
2015      5         18        0.12      10        
2015      5         25        0.145     7         
2015      6         1         0.12      6         
2015      6         8         0.171     5         
2015      6         15        0.14      3         
2015      7         6         0.14      1         
2015      7         22        0.15      1         
2015      8         4         0.16      2         
2015      8         20        0.13      3         
2015      9         10        0.14      2         
2015      9         23        0.14      2         
2015      10        5         0.15      1         
2015      10        6         0.14      1         
2015      10        20        0.16      5         
2015      10        26        0.22      69        
2015      11        5         0.11      12        
2015      11        9         0.15      37        
2015      11        18        0.2       171       
2015      11        23        0.14      21        
2015      12        3         0.16      211       
2015      12        7         0.28      1030      
2015      12        17        0.2       465       
2015      12        21        0.17      467       
2016      1         7         0.067     36        
2016      1         28        0.25      162       
2016      2         10        0.092     32        
2016      2         25        0.084     31        
2016      3         8         0.098     62        
2016      3         24        0.1       41        
2016      4         5         0.1       20        
2016      5         4         0.15      18        
2016      5         19        0.15      21        
2016      6         2         0.15      18        
2016      6         16        0.14      10        
2016      6         29        0.15      4         
2016      7         21        0.15      3         
2016      8         2         0.15      2         
2016      8         18        0.14      2         
2016      8         30        0.15      2         
2016      9         15        0.14      2         
2016      10        5         0.16      27        
2016      10        6         0.12      17        
2016      10        17        0.14      170       
2016      10        19        0.13      58        
2016      11        2         0.12      25        
2016      11        10        0.11      23        
2016      11        16        0.15      96        
2016      12        5         0.13      150       
2016      12        22        0.095     59        
2017      1         10        0.14      157       
2017      1         23        0.097     78        
2017      2         6         0.37      837       
2017      2         23        0.093     115       
2017      3         9         0.095     182       
2017      3         22        0.087     71        
2017      4         3         0.098     26        
2017      4         18        0.11      47        
2017      5         11        0.1       30        
2017      5         25        0.11      13        
2017      6         8         0.17      34        
2017      6         22        0.12      8         
2017      7         13        0.13      4         
2017      7         26        0.12      3         
2017      8         10        0.12      3         
2017      8         22        0.11      3         
2017      9         7         0.11      3         
2017      9         20        0.41      200       
2017      10        4         0.13      4         
2017      10        11        0.15      19        
2017      10        18        0.12      5         
2017      10        23        0.13      50        
2017      11        9         0.16      89        
2017      11        15        0.3       203       
2017      11        27        0.12      79        
2017      12        7         0.1       20        
2017      12        14        0.079     12        
2017      12        28        0.067     79        
2018      1         11        0.16      213       
2018      1         25        0.13      199       
2018      2         8         0.083     26        
2018      2         22        0.079     42        
2018      3         6         0.077     24        
2018      3         22        0.31      114       
2018      4         5         0.082     29        
2018      4         16        0.14      160       
2018      5         10        0.14      12        
2018      5         23        0.13      7         
2018      6         7         0.099     5         
2018      6         19        0.13      4         
2018      7         12        0.14      3         
2018      7         26        0.13      2         
2018      8         9         0.13      2         
2018      8         21        0.11      3         
2018      9         6         0.081     3         
2018      9         18        0.094     5         
2018      10        11        0.11      5         
2018      10        24        0.11      6         
2018      11        8         0.15      12        
2018      11        21        0.11      10        
2018      12        7         0.11      14        
2018      12        18        0.35      473       