Year    Month   Day     Conc_mg/l Q_cfs         
2008      1         9         0.0358    20100     
2008      1         29        0.0323    12000     
2008      2         4         0.0238    15200     
2008      2         26        0.0184    27000     
2008      3         20        0.0373    36800     
2008      4         10        0.0447    63800     
2008      4         30        0.061     67600     
2008      5         15        0.0328    15200     
2008      5         30        0.0234    8700      
2008      6         20        0.0298    13400     
2008      6         30        0.0352    17700     
2008      7         30        0.0422    27300     
2008      7         31        0.0815    22800     
2008      8         8         0.0992    58900     
2008      8         22        0.0214    16100     
2008      8         28        0.0522    9100      
2008      9         5         0.0349    7860      
2008      9         17        0.0336    11900     
2008      10        21        0.0195    7110      
2008      11        10        0.0221    17400     
2008      12        1         0.0332    26300     
2009      1         5         0.0171    21400     
2009      2         5         0.0427    10900     
2009      3         13        0.0495    43000     
2009      4         15        0.0301    25200     
2009      5         14        0.0257    24200     
2009      6         8         0.026     8150      
2009      7         27        0.0494    29600     
2009      8         24        0.0532    20700     
2009      9         17        0.0163    5810      
2009      10        20        0.0263    7900      
2009      11        17        0.0315    28200     
2009      12        8         0.0367    30700     
2010      1         22        0.0404    12100     
2010      2         17        0.0384    11600     
2010      3         17        0.072     51900     
2010      4         6         0.0441    58800     
2010      5         4         0.0206    20100     
2010      6         2         0.05      7500      
2010      7         9         0.043     4390      
2010      8         24        0.0421    5560      
2010      9         13        0.0476    2810      
2010      10        4         0.153     53900     
2010      11        22        0.0175    19500     
2010      12        16        0.0428    38300     
2011      1         7         0.028     16600     
2011      2         13        0.0324    8270      
2011      3         15        0.0559    54100     
2011      4         20        0.0637    69600     
2011      5         17        0.0824    45000     
2011      6         15        0.0347    22300     
2011      7         22        0.0318    7960      
2011      8         25        0.0202    12500     
2011      8         29        1.05      118000    
2011      8         30        0.95      122000    
2011      8         31        0.804     83100     
2011      9         21        0.0271    14500     
2011      10        20        0.056     32000     
2011      11        30        0.0444    30700     
2011      12        14        0.0239    24700     
2012      1         6         0.0182    16700     
2012      2         14        0.0207    12100     
2012      3         20        0.0522    37800     
2012      4         10        0.038     10000     
2012      5         8         0.0306    20000     
2012      5         24        0.0232    14500     
2012      6         7         0.0404    30200     
2012      6         22        0.0249    8940      
2012      7         10        0.0333    6390      
2012      7         23        0.0459    2880      
2012      8         2         0.0827    4490      
2012      8         13        0.0278    10600     
2012      9         4         0.0367    3060      
2012      10        16        0.0603    12900     
2012      11        20        0.0297    10000     
2012      12        17        0.021     12100     
2013      1         18        0.0204    17000     
2013      2         4         0.0342    23900     
2013      3         11        0.0227    11400     
2013      3         26        0.0229    16000     
2013      4         9         0.0288    23900     
2013      4         24        0.0688    35900     
2013      5         8         0.0202    10100     
2013      5         22        0.0353    11700     
2013      6         5         0.0375    22200     
2013      6         14        0.0826    72500     
2013      7         3         0.0489    46100     
2013      7         18        0.0374    14100     
2013      8         5         0.0342    6700      
2013      8         14        0.0368    11300     
2013      9         11        0.0699    4330      
2013      10        22        0.0346    7300      
2013      11        6         0.0323    7080      
2013      12        13        0.0241    13000     
2014      1         8         0.0267    30200     
2014      2         25        0.0255    13900     
2014      3         4         0.026     11200     
2014      3         18        0.0312    13000     
2014      4         3         0.0581    43500     
2014      4         15        0.239     77700     
2014      5         16        0.0268    17400     
2014      5         30        0.0455    35700     
2014      6         17        0.0247    16600     
2014      6         30        0.0297    14600     
2014      7         14        0.114     11100     
2014      7         25        0.0257    12500     
2014      8         15        0.199     23200     
2014      8         26        0.0236    9520      
2014      9         10        0.0853    4670      
2014      10        8         0.0219    6720      
2014      11        12        0.0267    8750      
2014      12        10        0.102     33400     
2015      1         14        0.0165    19400     
2015      2         3         0.0331    14800     
2015      3         4         0.0319    5790      
2015      3         17        0.0328    11700     
2015      4         10        0.0373    29400     
2015      4         22        0.0812    64900     
2015      5         6         0.0286    16100     
2015      5         21        0.0221    9410      
2015      6         16        0.0426    24400     
2015      6         23        0.0347    25200     
2015      7         15        0.0307    10300     
2015      7         21        0.0277    15900     
2015      8         10        0.0539    3770      
2015      8         20        0.0211    6380      
2015      9         15        0.0306    13000     
2015      10        20        0.0494    6050      
2015      11        17        0.029     6830      
2015      12        15        0.0337    10500     
2016      1         7         0.0254    11300     
2016      2         4         0.036     19400     
2016      3         1         0.0561    39600     
2016      3         15        0.0464    31900     
2016      4         7         0.0253    19400     
2016      4         27        0.0232    16500     
2016      5         11        0.0291    17300     
2016      5         25        0.0295    10200     
2016      6         7         0.041     17900     
2016      6         28        0.0371    2900      
2016      7         13        0.0451    5830      
2016      7         19        0.0746    5070      
2016      8         9         0.0489    2170      
2016      8         22        0.0427    4690      
2016      9         15        0.0367    1890      
2016      10        5         0.0885    3520      
2016      11        3         0.0356    7440      
2016      12        6         0.0307    15900     
2017      1         11        0.0277    10700     
2017      2         6         0.0256    11000     
2017      3         8         0.0306    24900     
2017      3         21        0.0259    14900     
2017      4         5         0.074     53000     
2017      4         18        0.0576    53500     
2017      5         10        0.0326    37600     
2017      5         23        0.0234    16500     
2017      6         12        0.0325    19900     
2017      6         26        0.0391    19900     
2017      7         12        0.0285    10900     
2017      7         25        0.0477    5710      
2017      8         8         0.0386    8210      
2017      8         22        0.0243    7580      
2017      9         7         0.0338    12200     
2017      10        4         0.0544    3970      
2017      10        12        0.0285    5360      
2017      10        18        0.058     5150      
2017      10        24        0.0352    4320      
2017      11        2         0.108     41300     
2017      11        8         0.0326    24700     
2017      11        15        0.0243    10100     
2017      11        21        0.027     16000     
2017      11        29        0.0291    10600     
2017      12        6         0.0997    8940      
2017      12        12        0.0272    12400     
2017      12        20        0.0337    7730      
2018      1         8         0.0216    12500     
2018      1         19        0.044     26900     
2018      1         24        0.061     29000     
2018      2         1         0.0325    19800     
2018      2         9         0.0214    15100     
2018      2         14        0.0308    22800     
2018      2         21        0.0236    21600     
2018      2         27        0.0386    34800     
2018      3         6         0.0315    31900     
2018      3         15        0.0174    20400     
2018      3         20        0.0169    13400     
2018      3         27        0.0174    13300     
2018      4         3         0.0416    35500     
2018      4         10        0.0176    25800     
2018      4         18        0.0626    50300     
2018      4         24        0.0223    32800     
2018      5         2         0.132     56500     
2018      5         8         0.0633    43700     
2018      5         16        0.036     17600     
2018      5         22        0.0216    14500     
2018      5         30        0.0534    8000      
2018      6         5         0.038     5480      
2018      6         12        0.027     3770      
2018      6         20        0.0317    5990      
2018      6         27        0.0237    3810      
2018      7         3         0.0336    8770      
2018      7         11        0.0735    5300      
2018      7         18        0.0901    8180      
2018      7         25        0.0346    15000     
2018      8         1         0.0243    8410      
2018      8         8         0.0373    14200     
2018      8         15        0.0587    24500     
2018      8         22        0.0269    13200     
2018      8         29        0.0232    10100     
2018      9         5         0.0202    4830      
2018      9         12        0.0319    14000     
2018      9         19        0.149     33800     
2018      9         25        0.0377    11800     
2018      10        3         0.106     28500     
2018      10        10        0.03      12900     
2018      10        17        0.026     15700     
2018      10        24        0.026     10800     
2018      10        31        0.038     20500     
2018      11        7         0.0791    61800     
2018      11        14        0.0518    48400     
2018      11        20        0.0296    27500     
2018      11        28        0.0473    34200     
2018      12        4         0.0232    39200     
2018      12        12        0.0154    18900     
2018      12        19        0.0174    15700     