Year    Month   Day     Conc_mg/l Q_cfs         
2008      1         16        0.0268    22300     
2008      2         26        0.0232    22700     
2008      3         11        0.0643    72800     
2008      4         17        0.0237    15000     
2008      4         22        0.022     9220      
2008      4         24        0.029     8750      
2008      5         8         0.0583    9250      
2008      5         22        0.057     13300     
2008      6         18        0.0698    5450      
2008      6         19        0.062     5590      
2008      6         25        0.0652    5280      
2008      7         9         0.0564    3910      
2008      7         16        0.077     4790      
2008      8         7         0.061     4810      
2008      8         15        0.0623    4940      
2008      8         27        0.0577    3340      
2008      9         23        0.0903    3040      
2008      10        21        0.0533    3480      
2008      11        4         0.044     11800     
2008      12        18        0.0349    29800     
2009      1         12        0.034     13800     
2009      1         30        0.0471    9930      
2009      2         13        0.0368    13200     
2009      2         23        0.0478    9040      
2009      3         12        0.0737    28100     
2009      3         16        0.028     16400     
2009      3         25        0.0212    10500     
2009      4         13        0.0329    10900     
2009      4         27        0.0505    8220      
2009      5         13        0.052     9600      
2009      5         18        0.112     20300     
2009      6         15        0.161     21100     
2009      7         21        0.032     7010      
2009      8         19        0.052     12100     
2009      9         14        0.047     8270      
2009      10        14        0.09      4330      
2009      12        16        0.0388    22500     
2009      12        17        0.039     21500     
2010      1         14        0.0355    10800     
2010      2         4         0.0386    15100     
2010      2         22        0.0325    7590      
2010      2         24        0.051     13500     
2010      3         16        0.0731    60200     
2010      3         22        0.0361    24600     
2010      4         7         0.038     23600     
2010      4         8         0.0392    21600     
2010      4         29        0.0439    19900     
2010      5         6         0.0527    13200     
2010      6         21        0.056     5180      
2010      6         25        0.0627    4600      
2010      8         18        0.065     3340      
2010      8         23        0.067     3270      
2010      10        21        0.036     8020      
2010      11        15        0.031     6620      
2010      12        13        0.0605    20500     
2011      1         19        0.0415    5330      
2011      1         31        0.028     8450      
2011      2         7         0.0365    8070      
2011      2         16        0.0337    7040      
2011      3         9         0.102     62100     
2011      3         14        0.046     68600     
2011      3         24        0.0376    33400     
2011      4         18        0.109     57100     
2011      4         29        0.108     60300     
2011      5         17        0.049     14200     
2011      5         25        0.0768    30800     
2011      6         16        0.0477    9810      
2011      7         19        0.027     5230      
2011      8         17        0.0413    25800     
2011      8         28        0.473     101000    
2011      8         29        0.461     139000    
2011      8         30        0.163     107000    
2011      8         31        0.11      65300     
2011      9         19        0.028     22000     
2011      10        20        0.049     22800     
2011      10        26        0.0336    13600     
2011      11        28        0.0295    21700     
2011      12        14        0.0303    24000     
2012      1         25        0.0539    15100     
2012      2         9         0.0344    11800     
2012      2         22        0.0316    7880      
2012      3         5         0.0317    10700     
2012      3         21        0.04      7860      
2012      4         12        0.0326    4200      
2012      4         19        0.031     3740      
2012      4         25        0.105     16600     
2012      5         16        0.163     28400     
2012      5         23        0.0577    12800     
2012      6         13        0.0465    10500     
2012      6         27        0.0829    4910      
2012      7         11        0.0868    3640      
2012      7         26        0.068     4040      
2012      8         9         0.0714    4110      
2012      8         20        0.083     4390      
2012      9         5         0.112     4660      
2012      10        24        0.053     14500     
2012      10        30        0.123     20500     
2012      10        31        0.0969    25800     
2012      11        5         0.0339    14900     
2012      11        19        0.035     8610      
2012      12        17        0.0292    6990      
2013      1         16        0.0609    20100     
2013      2         13        0.0321    12600     
2013      2         27        0.0339    9100      
2013      3         13        0.193     28100     
2013      3         14        0.087     37700     
2013      3         20        0.0331    17700     
2013      3         21        0.024     15900     
2013      4         4         0.022     9960      
2013      4         15        0.047     13500     
2013      4         24        0.0453    13500     
2013      5         9         0.105     7680      
2013      5         30        0.0781    9230      
2013      6         14        0.108     37500     
2013      6         17        0.047     34500     
2013      6         19        0.0563    24300     
2013      7         2         0.103     34800     
2013      7         24        0.091     9290      
2013      8         21        0.0611    5800      
2013      8         27        0.064     4970      
2013      9         16        0.06      5770      
2013      10        29        0.061     3050      
2013      11        19        0.0591    3090      
2013      11        29        0.147     14100     
2013      12        11        0.0553    9110      
2014      1         27        0.0375    10800     
2014      2         24        0.0512    11100     
2014      3         12        0.0767    14600     
2014      3         13        0.097     20400     
2014      3         27        0.0294    11600     
2014      3         31        0.113     43700     
2014      4         9         0.0386    21500     
2014      4         29        0.0384    11300     
2014      5         1         0.181     74900     
2014      5         6         0.0406    21200     
2014      5         27        0.0505    14600     
2014      6         16        0.0992    21100     
2014      6         30        0.088     9630      
2014      7         22        0.0491    8280      
2014      8         11        0.0586    4220      
2014      9         3         0.108     3440      
2014      9         15        0.088     3150      
2014      10        17        0.125     7760      
2014      10        20        0.0524    6210      
2014      11        17        0.047     3510      
2014      12        22        0.0395    7230      
2015      1         22        0.0541    6000      
2015      3         3         0.0635    3120      
2015      3         24        0.0459    12400     
2015      4         14        0.0728    21000     
2015      4         23        0.062     23800     
2015      4         27        0.0594    12800     
2015      5         6         0.0474    7000      
2015      5         19        0.11      5040      
2015      5         26        0.11      3940      
2015      6         16        0.116     11400     
2015      6         17        0.117     11700     
2015      6         23        0.09      15000     
2015      7         14        0.0477    9930      
2015      7         21        0.044     8520      
2015      8         20        0.087     4140      
2015      9         17        0.0778    4670      
2015      10        21        0.0781    3450      
2015      12        15        0.055     6180      
2015      12        16        0.0607    6760      
2016      1         14        0.0609    17800     
2016      2         4         0.199     27900     
2016      2         18        0.158     29300     
2016      3         10        0.0459    11800     
2016      3         29        0.0343    6850      
2016      4         13        0.0428    11400     
2016      4         25        0.0836    5700      
2016      5         4         0.097     11200     
2016      5         11        0.0716    12900     
2016      5         24        0.074     6340      
2016      6         14        0.083     4850      
2016      7         27        0.134     4420      
2016      8         10        0.108     3710      
2016      8         29        0.091     4420      
2016      9         19        0.112     3240      
2016      10        24        0.117     2810      
2016      11        17        0.08      3170      
2016      12        14        0.0715    5140      
2017      1         25        0.144     19200     
2017      2         15        0.0634    7940      
2017      2         22        0.0467    10100     
2017      3         9         0.0578    10300     
2017      3         20        0.0476    10700     
2017      4         17        0.0656    14600     
2017      4         26        0.0474    16000     
2017      5         6         0.05      19200     
2017      5         15        0.04      18800     
2017      5         18        0.0481    14000     
2017      5         31        0.0748    10300     
2017      6         15        0.0597    9400      
2017      7         13        0.0782    5870      
2017      8         16        0.0764    7530      
2017      9         14        0.07      5010      
2017      10        26        0.115     3980      
2017      12        4         0.0736    3850      
2018      1         31        0.0588    12600     
2018      2         15        0.0556    18800     
2018      2         26        0.163     50900     
2018      3         16        0.036     15200     
2018      3         26        0.027     10700     
2018      4         17        0.164     30200     
2018      4         30        0.0467    18800     
2018      5         21        0.08      37900     
2018      5         23        0.0683    33100     
2018      5         31        0.066     13000     
2018      6         19        0.0397    5360      
2018      7         31        0.0689    14400     
2018      8         28        0.0541    11600     
2018      10        15        0.0482    26700     
2018      11        20        0.03      27400     
2018      12        18        0.0417    28200     
