Year	Month	Day	Conc_μg_l	Q_m3_s
2007 	1 	18 	1485.0 	10.335 
2007 	2 	22 	2048.0 	9.894 
2007 	3 	8 	2480.0 	29.357 
2007 	4 	16 	1482.0 	2.350 
2007 	5 	15 	1430.0 	0.890 
2007 	6 	17 	2309.0 	0.422 
2007 	7 	18 	1126.0 	6.323 
2007 	8 	15 	1316.0 	4.371 
2007 	9 	17 	1302.0 	1.424 
2007 	10 	16 	1040.0 	3.893 
2007 	11 	14 	1510.0 	6.298 
2007 	12 	13 	1626.0 	11.664 
2008 	1 	15 	1694.0 	8.594 
2008 	2 	14 	1312.0 	6.778 
2008 	3 	13 	1281.0 	5.509 
2008 	4 	14 	1168.0 	5.764 
2008 	5 	14 	1092.0 	2.262 
2008 	6 	14 	1860.0 	0.484 
2008 	7 	15 	1338.0 	0.442 
2008 	8 	16 	1021.0 	2.280 
2008 	9 	15 	1265.0 	1.428 
2008 	10 	21 	889.0 	2.999 
2008 	11 	18 	1225.0 	8.581 
2008 	12 	16 	1640.0 	13.655 
2009 	1 	14 	1020.0 	5.751 
2009 	2 	16 	1477.0 	3.893 
2009 	3 	15 	1698.0 	7.771 
2009 	4 	17 	1065.0 	2.994 
2009 	5 	18 	1081.0 	1.402 
2009 	6 	21 	1068.0 	1.467 
2009 	7 	24 	1251.0 	1.012 
2009 	8 	18 	1232.0 	0.421 
2009 	9 	15 	1600.0 	0.435 
2009 	10 	15 	1488.0 	0.692 
2009 	11 	16 	1301.0 	2.206 
2009 	12 	17 	1178.0 	3.946 
2010 	1 	18 	1305.0 	3.091 
2010 	2 	16 	1461.0 	1.697 
2010 	3 	15 	1827.0 	3.606 
2010 	4 	19 	1269.0 	5.567 
2010 	5 	17 	1090.0 	4.742 
2010 	6 	15 	1561.0 	1.222 
2010 	7 	15 	1770.0 	0.424 
2010 	8 	16 	1095.0 	1.485 
2010 	9 	16 	974.0 	1.661 
2010 	10 	18 	961.0 	1.433 
2010 	11 	17 	1697.0 	8.339 
2010 	12 	20 	2158.0 	6.776 
2011 	1 	18 	2723.0 	14.724 
2011 	2 	20 	1607.0 	10.405 
2011 	3 	17 	1764.0 	11.346 
2011 	4 	18 	1103.0 	5.687 
2011 	5 	17 	1635.0 	0.945 
2011 	6 	20 	1761.0 	0.711 
2011 	7 	18 	992.0 	2.163 
2011 	8 	15 	1282.0 	2.942 
2011 	9 	19 	1164.0 	5.319 
2011 	10 	17 	1148.0 	1.686 
2011 	11 	29 	1272.0 	1.353 
2011 	12 	27 	1605.0 	9.250 
2012 	1 	23 	1377.0 	10.423 
2012 	2 	21 	1923.0 	5.728 
2012 	3 	19 	1212.0 	4.985 
2012 	4 	18 	1352.0 	3.513 
2012 	5 	21 	1289.0 	1.010 
2012 	6 	20 	1660.0 	0.446 
2012 	7 	16 	1011.0 	1.884 
2012 	8 	20 	1761.0 	0.395 
2012 	9 	20 	1773.0 	0.267 
2012 	10 	17 	1034.0 	4.755 
2012 	11 	19 	935.0 	4.973 
2013 	1 	21 	1499.0 	7.853 
2013 	2 	25 	1509.0 	5.555 
2013 	3 	25 	1469.0 	2.950 
2013 	4 	15 	1930.0 	18.511 
2013 	5 	23 	1350.0 	3.591 
2013 	6 	23 	1390.0 	1.221 
2013 	7 	19 	1460.0 	0.982 
2013 	8 	15 	1520.0 	0.754 
2013 	9 	18 	1490.0 	0.519 
2013 	10 	15 	1920.0 	0.340 
2013 	11 	22 	1850.0 	4.664 
2013 	12 	16 	1720.0 	5.571 
2014 	1 	21 	1230.0 	6.956 
2014 	2 	19 	2140.0 	11.717 
2014 	3 	21 	1310.0 	2.997 
2014 	4 	15 	1270.0 	5.260 
2014 	5 	21 	1110.0 	3.041 
2014 	6 	23 	1220.0 	0.968 
2014 	7 	17 	1330.0 	1.482 
2014 	8 	18 	1520.0 	4.474 
2014 	9 	17 	1280.0 	0.997 
2014 	10 	26 	1720.0 	6.907 
2014 	11 	25 	1730.0 	12.355 
2014 	12 	16 	1880.0 	11.432 
2015 	1 	19 	1860.0 	13.901 
2015 	2 	10 	1680.0 	11.376 
2015 	3 	19 	1270.0 	3.994 
2015 	4 	16 	1350.0 	4.403 
2015 	5 	19 	1360.0 	4.774 
2015 	6 	17 	1640.0 	1.119 
2015 	7 	20 	1700.0 	0.785 
2015 	8 	25 	1730.0 	0.439 
2015 	9 	17 	1760.0 	0.588 
2015 	10 	14 	2130.0 	0.297 
2015 	11 	18 	1380.0 	0.683 
2015 	12 	10 	1150.0 	1.254 
2016 	1 	19 	1530.0 	1.468 
2016 	2 	16 	1300.0 	5.820 
2016 	3 	21 	892.0 	3.678 
2016 	4 	18 	821.0 	1.668 
2016 	5 	12 	813.0 	1.225 
2016 	6 	16 	1320.0 	0.959 
2016 	7 	14 	1540.0 	0.719 
2016 	8 	29 	1800.0 	0.662 
2016 	9 	21 	1680.0 	0.306 
2016 	10 	18 	1240.0 	0.440 
2016 	11 	22 	1720.0 	19.761 
2016 	12 	20 	1320.0 	6.326 
2017 	1 	30 	1680.0 	4.932 
2017 	2 	20 	1910.0 	5.814 
2017 	3 	23 	1510.0 	7.543 
2017 	4 	19 	1370.0 	3.470 
2017 	5 	17 	1350.0 	0.969 
2017 	6 	14 	1840.0 	0.700 
2017 	7 	13 	1470.0 	0.779 
2017 	8 	23 	1580.0 	0.536 
2017 	9 	26 	1090.0 	1.321 
2017 	10 	25 	3100.0 	12.903 
2017 	11 	24 	1870.0 	7.001 
2017 	12 	19 	2100.0 	14.654 
2018 	1 	18 	1540.0 	10.494 
2018 	2 	15 	1650.0 	10.480 
2018 	3 	19 	1980.0 	11.482 
2018 	4 	17 	1320.0 	10.500 
2018 	5 	18 	1840.0 	1.149 
2018 	6 	19 	2630.0 	0.425 
2018 	7 	23 	3210.0 	0.202 
2018 	9 	6 	2000.0 	0.632 
2018 	9 	18 	2090.0 	0.574 
2018 	10 	23 	1870.0 	0.316 
2018 	11 	22 	1050.0 	1.195 
2018 	12 	17 	2250.0 	3.599 