Year	Month	Day	Conc_μg_l	Q_m3_s
2007 	1 	16 	988.0 	166.528 
2007 	2 	13 	981.0 	53.771 
2007 	3 	12 	1131.0 	66.929 
2007 	4 	16 	1257.0 	20.045 
2007 	5 	21 	1087.0 	27.855 
2007 	6 	12 	1180.0 	7.009 
2007 	7 	16 	665.0 	88.383 
2007 	8 	14 	876.0 	40.038 
2007 	9 	10 	998.0 	23.217 
2007 	10 	16 	894.0 	31.956 
2007 	11 	12 	905.0 	46.700 
2007 	12 	17 	765.0 	70.336 
2008 	1 	14 	853.0 	106.526 
2008 	2 	11 	1030.0 	92.757 
2008 	3 	10 	823.0 	137.919 
2008 	4 	15 	835.0 	59.197 
2008 	5 	12 	1075.0 	13.609 
2008 	6 	23 	1117.0 	4.321 
2008 	7 	14 	1717.0 	10.341 
2008 	8 	12 	908.0 	51.338 
2008 	9 	15 	784.0 	40.172 
2008 	10 	14 	813.0 	62.689 
2008 	11 	12 	898.0 	103.563 
2008 	12 	15 	907.0 	47.496 
2009 	1 	13 	1204.0 	68.098 
2009 	2 	10 	1241.0 	30.934 
2009 	3 	18 	926.0 	41.002 
2009 	4 	15 	1124.0 	25.291 
2009 	5 	11 	936.0 	18.636 
2009 	6 	15 	1274.0 	22.989 
2009 	7 	14 	1275.0 	9.889 
2009 	8 	10 	959.0 	21.605 
2009 	9 	14 	766.0 	29.989 
2009 	10 	13 	852.0 	31.683 
2009 	11 	10 	829.0 	37.404 
2009 	12 	16 	786.0 	50.637 
2010 	1 	12 	1018.0 	35.610 
2010 	2 	15 	1190.0 	15.888 
2010 	3 	17 	1325.0 	12.790 
2010 	4 	19 	1085.0 	33.405 
2010 	5 	20 	910.0 	17.408 
2010 	6 	21 	1251.0 	19.459 
2010 	7 	14 	958.0 	4.337 
2010 	8 	24 	932.0 	60.990 
2010 	9 	14 	895.0 	40.962 
2010 	10 	18 	967.0 	22.797 
2010 	11 	17 	1008.0 	81.663 
2010 	12 	8 	962.0 	48.852 
2011 	1 	18 	1405.0 	77.889 
2011 	2 	15 	899.0 	81.129 
2011 	3 	16 	1146.0 	43.588 
2011 	4 	11 	797.0 	76.270 
2011 	5 	16 	1223.0 	12.821 
2011 	6 	15 	1323.0 	10.308 
2011 	7 	13 	774.0 	10.142 
2011 	8 	16 	1151.0 	43.674 
2011 	9 	14 	741.0 	103.668 
2011 	10 	17 	908.0 	56.458 
2011 	11 	15 	879.0 	34.919 
2011 	12 	12 	779.0 	185.490 
2012 	1 	16 	763.0 	111.737 
2012 	2 	20 	1285.0 	32.427 
2012 	3 	12 	983.0 	32.656 
2012 	4 	17 	832.0 	41.948 
2012 	5 	15 	785.0 	56.564 
2012 	6 	18 	1101.0 	13.482 
2012 	7 	16 	862.0 	33.137 
2012 	8 	15 	686.0 	21.900 
2012 	9 	17 	942.0 	42.587 
2012 	10 	17 	765.0 	94.861 
2012 	11 	11 	799.0 	93.020 
2012 	12 	17 	1149.0 	27.824 
2013 	1 	15 	781.0 	64.822 
2013 	2 	12 	841.0 	35.570 
2013 	3 	13 	1084.0 	20.726 
2013 	4 	16 	1300.0 	21.119 
2013 	5 	20 	951.0 	16.011 
2013 	6 	17 	1630.0 	28.759 
2013 	7 	14 	904.0 	6.925 
2013 	8 	19 	1290.0 	5.892 
2013 	9 	16 	801.0 	5.859 
2013 	10 	21 	672.0 	14.647 
2013 	11 	18 	762.0 	53.831 
2013 	12 	16 	905.0 	76.501 
2014 	1 	14 	694.0 	129.956 
2014 	2 	17 	934.0 	76.983 
2014 	3 	18 	890.0 	49.580 
2014 	4 	16 	935.0 	33.943 
2014 	5 	12 	1150.0 	21.022 
2014 	6 	17 	1010.0 	4.177 
2014 	7 	15 	989.0 	13.281 
2014 	8 	18 	1060.0 	33.753 
2014 	9 	15 	652.0 	18.187 
2014 	10 	15 	963.0 	29.309 
2014 	11 	17 	840.0 	45.504 
2014 	12 	15 	1130.0 	96.856 
2015 	1 	20 	799.0 	120.660 
2015 	2 	11 	675.0 	54.589 
2015 	3 	16 	834.0 	37.196 
2015 	4 	20 	1020.0 	26.738 
2015 	5 	18 	1110.0 	24.737 
2015 	6 	16 	814.0 	26.839 
2015 	7 	20 	1120.0 	16.925 
2015 	8 	17 	674.0 	12.032 
2015 	9 	16 	788.0 	31.257 
2015 	10 	20 	1570.0 	16.377 
2015 	11 	17 	968.0 	53.206 
2015 	12 	15 	756.0 	134.125 
2016 	1 	18 	1100.0 	42.254 
2016 	2 	15 	862.0 	96.390 
2016 	3 	22 	838.0 	43.971 
2016 	4 	18 	1020.0 	54.718 
2016 	5 	16 	927.0 	11.242 
2016 	6 	14 	1070.0 	4.195 
2016 	7 	18 	859.0 	13.165 
2016 	8 	16 	1050.0 	12.126 
2016 	9 	19 	803.0 	4.689 
2016 	10 	17 	1330.0 	4.395 
2016 	11 	15 	2060.0 	24.837 
2016 	12 	13 	1270.0 	30.931 
2017 	1 	17 	1280.0 	35.766 
2017 	2 	20 	1540.0 	30.557 
2017 	3 	14 	884.0 	47.941 
2017 	4 	19 	1040.0 	26.287 
2017 	5 	17 	785.0 	14.590 
2017 	6 	14 	1140.0 	49.718 
2017 	7 	11 	933.0 	11.927 
2017 	8 	16 	1030.0 	10.145 
2017 	9 	18 	1020.0 	68.162 
2017 	10 	18 	736.0 	64.016 
2017 	11 	15 	871.0 	59.506 
2017 	12 	11 	793.0 	118.065 
2018 	1 	15 	914.0 	71.089 
2018 	2 	13 	930.0 	59.748 
2018 	3 	13 	1260.0 	41.043 
2018 	4 	17 	973.0 	42.144 
2018 	5 	14 	1280.0 	16.768 
2018 	6 	11 	1390.0 	5.690 
2018 	7 	18 	878.0 	3.618 
2018 	8 	15 	1100.0 	2.686 
2018 	9 	18 	1460.0 	14.033 
2018 	10 	17 	670.0 	19.754 
2018 	11 	20 	867.0 	26.656 
2018 	12 	17 	743.0 	49.018 