Year	Month	Day	Conc_μg_l	Q_m3_s
2007 	2 	14 	154.0 	391.008 
2007 	3 	15 	197.0 	399.008 
2007 	4 	18 	176.0 	531.717 
2007 	5 	15 	168.0 	682.050 
2007 	6 	18 	151.0 	792.042 
2007 	8 	15 	144.0 	554.208 
2007 	9 	17 	153.0 	404.125 
2007 	10 	15 	163.0 	415.800 
2007 	11 	14 	176.0 	465.008 
2007 	12 	13 	186.0 	383.717 
2008 	2 	18 	176.0 	365.758 
2008 	3 	17 	171.0 	364.133 
2008 	4 	14 	206.0 	301.675 
2008 	5 	10 	276.0 	1138.300 
2008 	5 	11 	243.0 	1192.508 
2008 	5 	12 	265.0 	1307.383 
2008 	5 	13 	249.0 	1352.842 
2008 	5 	14 	240.0 	1439.217 
2008 	5 	15 	220.0 	1486.633 
2008 	5 	16 	219.0 	1371.133 
2008 	5 	17 	203.0 	1273.800 
2008 	5 	18 	202.0 	1091.300 
2008 	5 	19 	199.0 	1072.717 
2008 	5 	20 	186.0 	984.350 
2008 	5 	21 	194.0 	894.458 
2008 	5 	22 	192.0 	791.000 
2008 	5 	23 	208.0 	740.500 
2008 	5 	24 	183.0 	617.250 
2008 	5 	25 	204.0 	560.542 
2008 	5 	26 	207.0 	624.542 
2008 	5 	27 	199.0 	568.542 
2008 	5 	28 	174.0 	522.292 
2008 	5 	29 	167.0 	484.458 
2008 	5 	30 	182.0 	480.333 
2008 	5 	31 	166.0 	486.917 
2008 	6 	1 	162.0 	380.583 
2008 	6 	2 	168.0 	519.292 
2008 	6 	3 	192.0 	518.208 
2008 	6 	4 	179.0 	631.042 
2008 	6 	5 	166.0 	637.167 
2008 	6 	6 	171.0 	666.167 
2008 	6 	7 	161.0 	671.417 
2008 	6 	8 	155.0 	612.375 
2008 	6 	16 	201.0 	872.408 
2008 	7 	21 	140.0 	336.875 
2008 	8 	18 	218.0 	302.583 
2008 	9 	15 	205.0 	384.708 
2008 	10 	15 	169.0 	398.217 
2008 	11 	19 	197.0 	363.717 
2008 	12 	15 	176.0 	372.467 
2009 	1 	15 	208.0 	354.633 
2009 	2 	16 	150.0 	348.925 
2009 	3 	16 	149.0 	352.592 
2009 	4 	15 	228.0 	272.675 
2009 	4 	20 	233.0 	167.842 
2009 	4 	21 	236.0 	264.133 
2009 	4 	22 	215.0 	222.467 
2009 	4 	23 	216.0 	309.550 
2009 	4 	24 	236.0 	248.675 
2009 	4 	25 	336.0 	240.508 
2009 	4 	26 	338.0 	262.758 
2009 	4 	27 	490.0 	390.883 
2009 	4 	28 	297.0 	432.425 
2009 	4 	29 	309.0 	451.008 
2009 	4 	30 	298.0 	523.133 
2009 	5 	1 	277.0 	490.675 
2009 	5 	2 	307.0 	580.758 
2009 	5 	3 	305.0 	679.550 
2009 	5 	4 	357.0 	717.675 
2009 	5 	5 	297.0 	725.758 
2009 	5 	6 	300.0 	729.425 
2009 	5 	7 	332.0 	725.842 
2009 	5 	8 	294.0 	739.508 
2009 	5 	9 	365.0 	747.425 
2009 	5 	10 	282.0 	798.508 
2009 	5 	11 	344.0 	802.925 
2009 	5 	12 	266.0 	797.675 
2009 	5 	13 	269.0 	820.175 
2009 	5 	14 	259.0 	777.633 
2009 	5 	15 	259.0 	795.675 
2009 	5 	16 	248.0 	667.550 
2009 	5 	17 	253.0 	604.842 
2009 	5 	18 	245.0 	737.675 
2009 	5 	19 	272.0 	686.550 
2009 	5 	20 	207.0 	673.204 
2009 	5 	21 	260.0 	640.792 
2009 	5 	22 	222.0 	664.583 
2009 	5 	23 	201.0 	771.041 
2009 	5 	24 	192.0 	655.292 
2009 	5 	25 	172.0 	718.750 
2009 	5 	26 	152.0 	683.708 
2009 	5 	27 	158.0 	657.000 
2009 	5 	28 	154.0 	658.792 
2009 	5 	29 	145.0 	662.542 
2009 	5 	30 	173.0 	537.917 
2009 	5 	31 	146.0 	523.208 
2009 	6 	1 	145.0 	535.542 
2009 	6 	2 	157.0 	554.000 
2009 	6 	3 	159.0 	568.875 
2009 	6 	4 	178.0 	704.708 
2009 	6 	5 	166.0 	649.667 
2009 	6 	6 	155.0 	549.208 
2009 	6 	7 	165.0 	566.958 
2009 	6 	8 	149.0 	713.833 
2009 	6 	9 	173.0 	696.958 
2009 	6 	10 	217.0 	652.208 
2009 	6 	11 	172.0 	532.542 
2009 	6 	12 	182.0 	537.792 
2009 	6 	13 	245.0 	455.083 
2009 	6 	14 	181.0 	379.958 
2009 	6 	15 	190.0 	524.458 
2009 	6 	16 	149.0 	463.125 
2009 	7 	14 	216.0 	388.620 
2009 	8 	17 	212.0 	475.830 
2009 	9 	15 	181.0 	589.580 
2009 	10 	13 	158.0 	508.720 
2009 	11 	16 	242.0 	381.800 
2009 	12 	15 	260.0 	364.430 
2010 	1 	14 	191.0 	397.090 
2010 	2 	16 	183.0 	394.680 
2010 	3 	15 	234.0 	240.800 
2010 	4 	19 	357.0 	289.380 
2010 	5 	16 	328.0 	589.170 
2010 	6 	15 	209.0 	612.880 
2010 	8 	19 	197.0 	489.470 
2010 	9 	15 	241.0 	337.570 
2010 	10 	17 	227.0 	266.380 
2010 	11 	15 	221.0 	320.510 
2010 	12 	13 	200.0 	354.180 
2011 	1 	17 	197.0 	213.470 
2011 	2 	14 	230.0 	323.300 
2011 	3 	14 	238.0 	234.010 
2011 	4 	11 	293.0 	230.880 
2011 	5 	16 	265.0 	246.510 
2011 	6 	13 	192.0 	925.720 
2011 	7 	18 	225.0 	391.200 
2011 	8 	15 	226.0 	539.660 
2011 	9 	12 	297.0 	822.380 
2011 	10 	17 	207.0 	781.370 
2011 	11 	15 	209.0 	549.630 
2011 	12 	19 	230.0 	455.720 
2012 	1 	16 	209.0 	430.430 
2012 	2 	15 	238.0 	360.510 
2012 	3 	14 	195.0 	387.840 
2012 	4 	16 	199.0 	444.630 
2012 	5 	14 	300.0 	769.380 
2012 	6 	13 	217.0 	1391.410 
2012 	7 	18 	213.0 	779.570 
2012 	8 	14 	241.0 	545.420 
2012 	9 	19 	235.0 	467.210 
2012 	10 	16 	272.0 	685.760 
2012 	11 	14 	254.0 	535.720 
2012 	12 	11 	275.0 	434.880 
2013 	1 	15 	228.0 	397.760 
2013 	2 	19 	254.0 	366.340 
2013 	3 	14 	214.0 	389.380 
2013 	4 	16 	188.0 	137.010 
2013 	5 	14 	367.0 	581.220 
2013 	6 	26 	220.0 	388.000 
2013 	7 	29 	188.0 	338.640 
2013 	8 	12 	182.0 	349.390 
2013 	9 	18 	154.0 	299.270 
2013 	10 	14 	162.0 	427.630 
2013 	11 	19 	242.0 	284.580 
2013 	12 	16 	172.0 	312.420 
2014 	1 	21 	186.0 	394.000 
2014 	2 	24 	217.0 	308.080 
2014 	3 	17 	231.0 	359.580 
2014 	4 	23 	293.0 	413.380 
2014 	5 	13 	238.0 	350.750 
2014 	6 	23 	170.0 	700.830 
2014 	7 	15 	190.0 	410.810 
2014 	8 	26 	172.0 	377.200 
2014 	9 	15 	186.0 	253.040 
2014 	10 	13 	258.0 	322.880 
2014 	11 	24 	232.0 	256.880 
2014 	12 	17 	264.0 	340.050 
2015 	1 	12 	228.0 	255.800 
2015 	2 	16 	245.0 	398.800 
2015 	3 	17 	171.0 	392.680 
2015 	4 	15 	294.0 	405.220 
2015 	5 	19 	272.0 	779.240 
2015 	6 	22 	181.0 	829.920 
2015 	7 	15 	147.0 	936.700 
2015 	8 	17 	152.0 	625.400 
2015 	9 	14 	154.0 	299.460 
2015 	10 	12 	242.0 	535.000 
2015 	11 	16 	204.0 	399.630 
2015 	12 	15 	170.0 	413.630 
2016 	1 	18 	163.0 	403.380 
2016 	2 	15 	135.0 	362.630 
2016 	3 	15 	144.0 	302.630 
2016 	4 	12 	224.0 	346.380 
2016 	5 	16 	209.0 	647.670 
2016 	6 	14 	154.0 	593.450 
2016 	7 	19 	166.0 	418.740 
2016 	8 	22 	121.0 	314.030 
2016 	9 	13 	141.0 	459.970 
2016 	10 	17 	129.0 	391.500 
2016 	11 	21 	246.0 	318.500 
2016 	12 	14 	158.0 	314.380 
2017 	1 	16 	169.0 	412.080 
2017 	2 	13 	144.0 	362.080 
2017 	3 	20 	152.0 	307.580 
2017 	4 	11 	234.0 	214.040 
2017 	5 	15 	259.0 	391.330 
2017 	6 	12 	163.0 	472.680 
2017 	7 	12 	167.0 	655.750 
2017 	8 	14 	192.0 	507.700 
2017 	9 	12 	245.0 	511.290 
2017 	10 	17 	192.0 	549.330 
2017 	11 	13 	172.0 	512.880 
2017 	12 	19 	167.0 	426.460 
2018 	1 	15 	168.0 	305.420 
2018 	2 	19 	151.0 	416.380 
2018 	3 	20 	157.0 	310.130 
2018 	4 	23 	447.0 	324.920 
2018 	5 	21 	266.0 	1773.170 
2018 	6 	19 	231.0 	329.940 
2018 	7 	16 	148.0 	327.570 
2018 	8 	22 	137.0 	348.850 
2018 	9 	18 	121.0 	324.150 
2018 	10 	30 	104.0 	327.460 
2018 	11 	19 	142.0 	431.790 
2018 	12 	18 	155.0 	407.710 