Year      Month     Day       Conc_mg/l Q_cfs     
2008      1         11        1.57      7610      
2008      2         8         2.32      27400     
2008      3         12        1.52      10400     
2008      4         9         1.11      1400      
2008      5         14        0.911     48400     
2008      5         28        1.13      34900     
2008      6         11        1.16      21500     
2008      6         18        1.8       3560      
2008      7         16        0.876     14000     
2008      8         13        1.76      29800     
2008      10        15        0.778     8660      
2008      12        4         1.2       9070      
2009      1         8         1.36      50000     
2009      2         4         1.13      13000     
2009      3         5         1.96      29600     
2009      4         8         1.39      10000     
2009      5         6         3.0       33400     
2009      5         21        1.39      13000     
2009      6         3         0.994     25500     
2009      6         10        1.0       77800     
2009      6         17        1.17      58000     
2009      7         9         1.23      13800     
2009      7         15        1.13      12900     
2009      7         22        1.06      23000     
2009      8         3         1.44      44500     
2009      8         13        0.909     16500     
2009      8         20        1.06      14000     
2009      9         3         0.829     14000     
2009      9         16        1.29      25000     
2009      10        21        0.857     55500     
2009      11        18        0.704     35500     
2009      12        9         0.75      38000     
2009      12        16        1.21      29500     
2010      1         6         0.975     30000     
2010      1         21        1.06      47000     
2010      2         10        0.884     29000     
2010      3         2         0.39      40500     
2010      3         16        0.915     24000     
2010      3         24        0.46      13700     
2010      4         6         0.711     13200     
2010      4         15        0.53      16700     
2010      5         6         1.73      15500     
2010      5         18        1.3       4100      
2010      5         26        1.18      11400     
2010      6         2         1.0       15000     
2010      6         8         1.44      31500     
2010      6         17        0.37      9000      
2010      6         22        0.57      6800      
2010      7         13        0.853     10700     
2010      7         27        0.63      6600      
2010      8         5         0.744     10500     
2010      8         18        0.633     7500      
2010      9         8         0.669     6400      
2010      9         29        0.48      5200      
2010      10        20        0.625     5910      
2010      10        28        0.87      6880      
2010      11        29        0.629     7340      
2010      12        8         1.23      8280      
2011      1         6         1.64      7780      
2011      1         13        0.53      4500      
2011      2         2         1.59      9190      
2011      2         9         2.57      9250      
2011      3         23        1.96      3370      
2011      4         14        1.34      17400     
2011      5         24        1.41      26000     
2011      6         1         0.695     40000     
2011      6         23        1.1       51600     
2011      7         20        1.11      13300     
2011      8         24        0.722     9410      
2011      10        19        0.856     5030      
2011      12        14        1.1       12800     
2012      1         19        1.31      13000     
2012      2         22        1.58      24200     
2012      3         28        1.87      20200     
2012      4         25        1.69      4650      
2012      5         9         2.02      4940      
2012      5         22        1.64      5840      
2012      6         13        3.45      22400     
2012      6         26        1.65      4410      
2012      7         18        1.86      16200     
2012      8         23        1.14      4460      
2012      10        17        1.2       10800     
2012      11        13        0.649     7510      
2012      12        6         1.53      10000     
2013      1         17        1.6       64400     
2013      1         29        1.2       43300     
2013      2         5         1.37      36800     
2013      2         20        1.45      38900     
2013      3         4         1.7       29800     
2013      3         27        3.31      42600     
2013      4         9         2.25      28100     
2013      4         23        1.85      30400     
2013      5         7         1.53      18800     
2013      5         21        1.32      18000     
2013      6         6         1.29      47300     
2013      6         27        1.11      28800     
2013      7         16        1.92      4920      
2013      8         1         1.23      8620      
2013      9         5         0.762     8430      
2013      10        30        0.969     8480      
2013      11        13        1.15      7820      
2013      12        3         1.69      18000     
2014      1         9         1.25      10100     
2014      1         22        1.35      8150      
2014      2         5         2.78      24400     
2014      2         19        1.58      20300     
2014      3         5         1.17      9280      
2014      3         19        1.47      10800     
2014      4         15        1.64      44900     
2014      4         23        1.41      33700     
2014      5         7         1.48      7360      
2014      5         22        1.66      2020      
2014      6         18        1.56      32600     
2014      6         24        1.23      26200     
2014      7         23        1.48      27500     
2014      8         22        1.04      11500     
2014      9         17        0.69      11300     
2014      10        15        2.12      25300     
2014      11        12        0.896     11600     
2014      12        3         1.02      11000     
2015      1         16        1.33      17000     
2015      1         29        1.49      13100     
2015      2         4         1.35      8030      
2015      2         19        1.69      10700     
2015      3         11        1.77      35100     
2015      3         26        1.03      25400     
2015      4         8         1.05      51800     
2015      4         22        1.36      17200     
2015      5         7         1.42      49200     
2015      5         20        2.77      34200     
2015      6         10        1.27      11300     
2015      6         26        1.31      5180      
2015      7         16        0.824     7590      
2015      8         12        0.79      35600     
2015      9         2         0.803     10300     
2015      10        28        2.72      21000     
2015      11        18        2.49      25200     
2015      12        7         0.977     14100     
2016      1         20        0.942     30400     
2016      1         29        1.02      67400     
2016      2         10        1.02      35500     
2016      2         24        1.58      41800     
2016      3         15        1.07      24800     
2016      3         29        0.78      72100     
2016      4         13        1.13      80100     
2016      4         25        1.3       33300     
2016      5         13        1.09      13100     
2016      5         31        0.967     12800     
2016      6         8         1.84      15400     
2016      6         21        1.17      8640      
2016      7         26        0.983     8390      
2016      8         26        1.02      9460      
2016      9         22        0.588     8600      
2016      10        19        0.521     6530      
2016      11        15        0.711     7550      
2016      12        14        1.79      8010      
2017      1         12        1.68      7980      
2017      1         26        2.56      31900     
2017      2         6         1.52      13400     
2017      2         21        1.22      5140      
2017      3         15        1.54      7870      
2017      3         29        1.64      3410      
2017      4         27        1.72      8610      
2017      5         2         1.51      994       
2017      6         7         0.875     16000     
2017      6         29        1.42      9120      
2017      7         18        1.09      9180      
2017      8         9         1.29      16100     
2017      9         5         1.39      16500     
2017      10        4         1.36      8420      
2017      11        16        0.788     6730      
2017      12        14        1.03      3710      
2018      1         10        1.51      12200     
2018      1         30        2.49      15300     
2018      2         8         3.28      41300     
2018      2         27        1.22      23600     
2018      3         13        1.5       15500     
2018      3         27        0.909     85700     
2018      4         12        1.1       41300     
2018      4         30        1.08      36900     
2018      5         10        0.987     39600     
2018      5         30        1.29      20400     
2018      6         15        1.28      15100     
2018      6         26        1.45      16700     
2018      7         19        0.803     12200     
2018      8         21        1.18      15300     
2018      9         6         0.704     9250      
2018      10        22        0.754     7190      
2018      11        15        1.1       32200     
2018      12        4         0.922     15300     