Year      Month     Day       Conc_mg/l Q_cfs         
2008      1         9         0.671     20100     
2008      2         4         0.561     15200     
2008      3         20        0.551     36800     
2008      4         10        0.41      63800     
2008      5         15        0.57      15200     
2008      6         30        0.611     17700     
2008      7         30        0.542     27300     
2008      8         28        0.627     9100      
2008      9         17        0.524     11900     
2008      10        21        0.551     7110      
2008      11        10        0.859     17400     
2008      12        1         0.519     26300     
2009      1         5         0.51      21400     
2009      2         5         0.845     10900     
2009      3         13        0.543     43000     
2009      4         15        0.42      25200     
2009      5         14        0.48      24200     
2009      6         8         0.609     8150      
2009      7         27        0.527     29600     
2009      8         24        0.539     20700     
2009      9         17        0.662     5810      
2009      10        20        0.603     7900      
2009      11        17        0.485     28200     
2009      12        8         0.456     30700     
2010      1         22        0.748     12100     
2010      2         17        0.716     11600     
2010      3         17        0.492     51900     
2010      4         6         0.436     58800     
2010      5         4         0.457     20100     
2010      6         2         0.62      7500      
2010      7         9         0.499     4390      
2010      8         24        0.671     5560      
2010      9         13        0.682     2810      
2010      10        4         0.753     53900     
2010      11        22        0.409     19500     
2010      12        16        0.519     38300     
2011      1         7         0.565     16600     
2011      2         13        0.723     8270      
2011      3         15        0.468     54100     
2011      4         20        0.431     69600     
2011      5         17        0.518     45000     
2011      6         15        0.544     22300     
2011      7         22        0.539     7960      
2011      8         25        0.5       12500     
2011      9         21        0.497     14500     
2011      10        20        0.46      32000     
2011      11        30        0.523     30700     
2011      12        14        0.451     24700     
2012      1         6         0.534     16700     
2012      2         14        0.651     12100     
2012      3         20        0.535     37800     
2012      4         10        0.643     10000     
2012      5         8         0.481     20000     
2012      6         7         0.479     30200     
2012      7         23        0.604     2880      
2012      8         13        0.514     10600     
2012      9         4         0.578     3060      
2012      10        16        0.565     12900     
2012      11        20        0.6       10000     
2012      12        17        0.562     12100     
2013      1         18        0.558     17000     
2013      2         4         0.62      23900     
2013      3         11        0.66      11400     
2013      3         26        0.598     16000     
2013      4         9         0.502     23900     
2013      4         24        0.58      35900     
2013      5         8         0.516     10100     
2013      5         22        0.57      11700     
2013      6         5         0.496     22200     
2013      6         14        0.47      72500     
2013      7         3         0.502     46100     
2013      7         18        0.572     14100     
2013      8         5         0.678     6700      
2013      8         14        0.604     11300     
2013      9         11        0.99      4330      
2013      10        22        0.605     7300      
2013      11        6         0.507     7080      
2013      12        13        0.647     13000     
2014      1         8         0.518     30200     
2014      2         25        0.749     13900     
2014      3         4         0.738     11200     
2014      3         18        0.71      13000     
2014      4         3         0.558     43500     
2014      4         15        0.817     77700     
2014      5         16        0.643     17400     
2014      5         30        0.519     35700     
2014      6         17        0.497     16600     
2014      6         30        0.633     14600     
2014      7         14        0.644     11100     
2014      7         25        0.505     12500     
2014      8         15        0.608     23200     
2014      8         26        0.528     9520      
2014      9         10        0.649     4670      
2014      10        8         0.515     6720      
2014      11        12        0.568     8750      
2014      12        10        0.707     33400     
2015      1         14        0.615     19400     
2015      2         3         0.688     14800     
2015      3         4         0.821     5790      
2015      3         17        0.83      11700     
2015      4         10        0.545     29400     
2015      4         22        0.5       64900     
2015      5         6         0.563     16100     
2015      5         21        0.563     9410      
2015      6         16        0.463     24400     
2015      6         23        0.471     25200     
2015      7         15        0.515     10300     
2015      7         21        0.481     15900     
2015      8         10        0.436     3770      
2015      8         20        0.491     6380      
2015      9         15        0.562     13000     
2015      10        20        0.694     6050      
2015      11        17        0.576     6830      
2015      12        15        0.611     10500     
2016      1         7         0.557     11300     
2016      2         4         0.618     19400     
2016      3         1         0.507     39600     
2016      3         15        0.484     31900     
2016      4         7         0.446     19400     
2016      4         27        0.459     16500     
2016      5         11        0.392     17300     
2016      5         25        0.587     10200     
2016      6         7         0.606     17900     
2016      6         28        0.571     2900      
2016      7         13        0.459     5830      
2016      7         19        0.462     5070      
2016      8         9         0.419     2170      
2016      8         22        0.474     4690      
2016      9         15        0.553     1890      
2016      10        5         0.639     3520      
2016      11        3         0.506     7440      
2016      12        6         0.47      15900     
2017      1         11        0.532     10700     
2017      2         6         0.611     11000     
2017      3         8         0.454     24900     
2017      3         21        0.556     14900     
2017      4         5         0.53      53000     
2017      4         18        0.498     53500     
2017      5         10        0.385     37600     
2017      5         23        0.467     16500     
2017      6         12        0.376     19900     
2017      6         26        0.451     19900     
2017      7         12        0.511     10900     
2017      7         25        0.665     5710      
2017      8         8         0.572     8210      
2017      8         22        0.671     7580      
2017      9         7         0.539     12200     
2017      10        4         0.647     3970      
2017      10        12        0.553     5360      
2017      10        18        0.714     5150      
2017      10        24        0.608     4320      
2017      11        2         0.64      41300     
2017      11        8         0.446     24700     
2017      11        15        0.478     10100     
2017      11        21        0.574     16000     
2017      11        29        0.579     10600     
2017      12        6         0.617     8940      
2017      12        12        0.535     12400     
2017      12        20        0.615     7730      
2018      1         8         0.766     12500     
2018      1         19        0.62      26900     
2018      1         24        0.656     29000     
2018      2         1         0.509     19800     
2018      2         9         0.593     15100     
2018      2         14        0.502     22800     
2018      2         21        0.525     21600     
2018      3         6         0.522     31900     
2018      3         15        0.469     20400     
2018      3         20        0.57      13400     
2018      3         27        0.558     13300     
2018      4         3         0.474     35500     
2018      4         10        0.42      25800     
2018      4         18        0.515     50300     
2018      4         24        0.414     32800     
2018      5         2         0.526     56500     
2018      5         8         0.429     43700     
2018      5         16        0.602     17600     
2018      5         22        0.507     14500     
2018      5         30        0.599     8000      
2018      6         5         0.729     5480      
2018      6         12        0.585     3770      
2018      6         20        0.64      5990      
2018      6         27        0.646     3810      
2018      7         3         0.559     8770      
2018      7         11        0.606     5300      
2018      7         18        0.698     8180      
2018      7         25        0.509     15000     
2018      8         1         0.51      8410      
2018      8         8         0.525     14200     
2018      8         15        0.627     24500     
2018      8         22        0.411     13200     
2018      8         29        0.63      10100     
2018      9         5         0.542     4830      
2018      9         12        0.493     14000     
2018      9         19        0.662     33800     
2018      9         25        0.597     11800     
2018      10        3         0.746     28500     
2018      10        10        0.564     12900     
2018      10        17        0.528     15700     
2018      10        24        0.51      10800     
2018      10        31        0.506     20500     
2018      11        7         0.46      61800     
2018      11        14        0.424     48400     
2018      11        20        0.425     27500     
2018      11        28        0.514     34200     
2018      12        4         0.418     39200     
2018      12        12        0.501     18900     
2018      12        19        0.574     15700     
2019      1         29        0.444     31600     